4.000000 0.000000
3.999647 0.020942
3.998587 0.041875
3.996820 0.062787
3.994348 0.083670
3.991171 0.104512
3.987289 0.125306
3.982705 0.146039
3.977418 0.166703
3.971430 0.187288
3.964744 0.207783
3.957360 0.228180
3.949281 0.248468
3.940509 0.268637
3.931046 0.288678
3.920895 0.308581
3.910059 0.328337
3.898541 0.347935
3.886342 0.367368
3.873468 0.386624
3.859921 0.405694
3.845706 0.424570
3.830824 0.443242
3.815282 0.461700
3.799083 0.479936
3.782231 0.497940
3.764731 0.515704
3.746588 0.533218
3.727805 0.550474
3.708390 0.567463
3.688346 0.584177
3.667679 0.600605
3.646395 0.616742
3.624499 0.632576
3.601997 0.648102
3.578896 0.663309
3.555200 0.678191
3.530918 0.692739
3.506054 0.706945
3.480617 0.720801
3.454612 0.734300
3.428047 0.747435
3.400929 0.760198
3.373264 0.772581
3.345061 0.784577
3.316327 0.796180
3.287069 0.807382
3.257295 0.818176
3.227014 0.828556
3.196233 0.838516
3.164960 0.848049
3.133205 0.857148
3.100974 0.865808
3.068278 0.874022
3.035123 0.881785
3.001521 0.889091
2.967478 0.895934
2.933004 0.902310
2.898109 0.908212
2.862802 0.913637
2.827091 0.918578
2.790987 0.923031
2.754498 0.926991
2.717635 0.930454
2.680407 0.933417
2.642825 0.935873
2.604897 0.937821
2.566634 0.939255
2.528046 0.940172
2.489143 0.940569
2.449935 0.940442
2.410433 0.939789
2.370647 0.938606
2.330588 0.936890
2.290265 0.934640
2.249689 0.931852
2.208871 0.928524
2.167822 0.924654
2.126552 0.920241
2.085072 0.915283
2.043393 0.909777
2.001525 0.903723
1.959479 0.897120
1.917267 0.889966
1.874899 0.882261
1.832387 0.874004
1.789740 0.865194
1.746970 0.855832
1.704089 0.845917
1.661106 0.835449
1.618034 0.824429
1.574883 0.812858
1.531664 0.800734
1.488388 0.788061
1.445066 0.774838
1.401710 0.761066
1.358330 0.746748
1.314937 0.731885
1.271543 0.716478
1.228158 0.700529
1.184793 0.684040
1.141459 0.667015
1.098167 0.649454
1.054928 0.631361
1.011752 0.612739
0.968652 0.593590
0.925636 0.573919
0.882716 0.553727
0.839903 0.533019
0.797207 0.511798
0.754639 0.490068
0.712209 0.467834
0.669928 0.445099
0.627806 0.421868
0.585853 0.398146
0.544080 0.373936
0.502497 0.349244
0.461113 0.324076
0.419939 0.298435
0.378986 0.272329
0.338261 0.245761
0.297776 0.218738
0.257540 0.191266
0.217563 0.163351
0.177854 0.134999
0.138422 0.106215
0.099277 0.077007
0.060429 0.047382
0.021885 0.017346
-0.016345 -0.013095
-0.054252 -0.043933
-0.091828 -0.075160
-0.129063 -0.106770
-0.165950 -0.138755
-0.202479 -0.171108
-0.238643 -0.203820
-0.274434 -0.236885
-0.309843 -0.270293
-0.344863 -0.304037
-0.379485 -0.338109
-0.413703 -0.372500
-0.447509 -0.407202
-0.480895 -0.442206
-0.513855 -0.477503
-0.546380 -0.513085
-0.578466 -0.548943
-0.610103 -0.585068
-0.641287 -0.621450
-0.672010 -0.658081
-0.702267 -0.694951
-0.732051 -0.732051
-0.761356 -0.769371
-0.790176 -0.806901
-0.818506 -0.844632
-0.846340 -0.882555
-0.873672 -0.920659
-0.900499 -0.958934
-0.926814 -0.997371
-0.952613 -1.035958
-0.977891 -1.074688
-1.002643 -1.113548
-1.026866 -1.152529
-1.050554 -1.191620
-1.073705 -1.230812
-1.096315 -1.270093
-1.118378 -1.309453
-1.139893 -1.348882
-1.160856 -1.388369
-1.181264 -1.427903
-1.201114 -1.467474
-1.220402 -1.507071
-1.239128 -1.546684
-1.257287 -1.586301
-1.274878 -1.625913
-1.291900 -1.665507
-1.308349 -1.705074
-1.324225 -1.744602
-1.339526 -1.784081
-1.354250 -1.823500
-1.368397 -1.862847
-1.381966 -1.902113
-1.394956 -1.941286
-1.407366 -1.980356
-1.419196 -2.019311
-1.430445 -2.058141
-1.441115 -2.096835
-1.451204 -2.135382
-1.460714 -2.173772
-1.469645 -2.211993
-1.477997 -2.250035
-1.485772 -2.287888
-1.492970 -2.325540
-1.499594 -2.362981
-1.505643 -2.400201
-1.511121 -2.437188
-1.516028 -2.473933
-1.520368 -2.510425
-1.524141 -2.546654
-1.527350 -2.582608
-1.529999 -2.618279
-1.532089 -2.653656
-1.533623 -2.688728
-1.534605 -2.723486
-1.535038 -2.757919
-1.534925 -2.792018
-1.534269 -2.825773
-1.533075 -2.859173
-1.531347 -2.892210
-1.529087 -2.924874
-1.526302 -2.957155
-1.522994 -2.989044
-1.519169 -3.020531
-1.514831 -3.051607
-1.509985 -3.082264
-1.504637 -3.112491
-1.498791 -3.142281
-1.492453 -3.171624
-1.485628 -3.200512
-1.478322 -3.228935
-1.470541 -3.256886
-1.462290 -3.284357
-1.453576 -3.311338
-1.444405 -3.337823
-1.434783 -3.363802
-1.424717 -3.389268
-1.414214 -3.414214
-1.403279 -3.438631
-1.391921 -3.462512
-1.380146 -3.485851
-1.367961 -3.508639
-1.355374 -3.530871
-1.342392 -3.552538
-1.329023 -3.573634
-1.315273 -3.594153
-1.301152 -3.614087
-1.286666 -3.633432
-1.271824 -3.652181
-1.256634 -3.670327
-1.241104 -3.687865
-1.225242 -3.704789
-1.209057 -3.721095
-1.192557 -3.736775
-1.175751 -3.751826
-1.158648 -3.766242
-1.141255 -3.780019
-1.123583 -3.793152
-1.105639 -3.805636
-1.087434 -3.817466
-1.068976 -3.828640
-1.050273 -3.839153
-1.031337 -3.849001
-1.012175 -3.858180
-0.992797 -3.866688
-0.973212 -3.874520
-0.953431 -3.881674
-0.933462 -3.888147
-0.913314 -3.893936
-0.892999 -3.899039
-0.872525 -3.903453
-0.851902 -3.907176
-0.831140 -3.910207
-0.810249 -3.912543
-0.789238 -3.914183
-0.768117 -3.915125
-0.746897 -3.915369
-0.725586 -3.914913
-0.704196 -3.913756
-0.682736 -3.911898
-0.661215 -3.909338
-0.639645 -3.906077
-0.618034 -3.902113
-0.596393 -3.897447
-0.574732 -3.892080
-0.553061 -3.886012
-0.531390 -3.879243
-0.509729 -3.871775
-0.488087 -3.863608
-0.466475 -3.854744
-0.444903 -3.845184
-0.423380 -3.834930
-0.401917 -3.823983
-0.380523 -3.812346
-0.359208 -3.800021
-0.337982 -3.787011
-0.316854 -3.773317
-0.295835 -3.758943
-0.274934 -3.743891
-0.254161 -3.728164
-0.233525 -3.711767
-0.213035 -3.694702
-0.192702 -3.676973
-0.172535 -3.658584
-0.152542 -3.639539
-0.132734 -3.619842
-0.113119 -3.599498
-0.093707 -3.578511
-0.074506 -3.556885
-0.055526 -3.534626
-0.036776 -3.511739
-0.018265 -3.488229
-0.000000 -3.464102
0.018009 -3.439362
0.035753 -3.414016
0.053224 -3.388070
0.070414 -3.361529
0.087314 -3.334400
0.103917 -3.306690
0.120214 -3.278404
0.136196 -3.249550
0.151858 -3.220134
0.167189 -3.190164
0.182184 -3.159646
0.196834 -3.128588
0.211132 -3.096997
0.225071 -3.064881
0.238643 -3.032248
0.251842 -2.999104
0.264660 -2.965459
0.277091 -2.931321
0.289129 -2.896697
0.300766 -2.861597
0.311996 -2.826028
0.322814 -2.789999
0.333212 -2.753519
0.343186 -2.716597
0.352729 -2.679242
0.361835 -2.641462
0.370500 -2.603268
0.378717 -2.564668
0.386482 -2.525672
0.393790 -2.486290
0.400635 -2.446530
0.407013 -2.406403
0.412919 -2.365918
0.418349 -2.325086
0.423299 -2.283916
0.427764 -2.242419
0.431741 -2.200604
0.435226 -2.158482
0.438215 -2.116063
0.440706 -2.073357
0.442693 -2.030375
0.444176 -1.987128
0.445150 -1.943626
0.445613 -1.899879
0.445562 -1.855899
0.444995 -1.811696
0.443910 -1.767281
0.442305 -1.722665
0.440178 -1.677858
0.437527 -1.632872
0.434350 -1.587717
0.430647 -1.542405
0.426416 -1.496946
0.421657 -1.451352
0.416368 -1.405634
0.410549 -1.359803
0.404199 -1.313870
0.397319 -1.267846
0.389908 -1.221743
0.381966 -1.175570
0.373494 -1.129341
0.364492 -1.083066
0.354961 -1.036755
0.344901 -0.990421
0.334314 -0.944074
0.323201 -0.897726
0.311564 -0.851388
0.299403 -0.805070
0.286721 -0.758785
0.273519 -0.712542
0.259800 -0.666354
0.245567 -0.620231
0.230820 -0.574184
0.215564 -0.528224
0.199801 -0.482362
0.183533 -0.436609
0.166765 -0.390976
0.149500 -0.345473
0.131740 -0.300112
0.113490 -0.254903
0.094754 -0.209856
0.075535 -0.164983
0.055838 -0.120293
0.035667 -0.075797
0.015027 -0.031506
-0.006077 0.012571
-0.027641 0.056422
-0.049660 0.100039
-0.072128 0.143410
-0.095040 0.186527
-0.118391 0.229378
-0.142175 0.271955
-0.166385 0.314247
-0.191017 0.356245
-0.216064 0.397940
-0.241519 0.439321
-0.267377 0.480381
-0.293630 0.521109
-0.320272 0.561497
-0.347296 0.601535
-0.374696 0.641215
-0.402463 0.680528
-0.430591 0.719465
-0.459072 0.758019
-0.487899 0.796180
-0.517065 0.833940
-0.546560 0.871291
-0.576378 0.908226
-0.606510 0.944736
-0.636948 0.980814
-0.667684 1.016452
-0.698710 1.051643
-0.730017 1.086380
-0.761596 1.120654
-0.793439 1.154460
-0.825536 1.187791
-0.857880 1.220639
-0.890460 1.252999
-0.923268 1.284864
-0.956295 1.316228
-0.989531 1.347084
-1.022967 1.377427
-1.056594 1.407251
-1.090401 1.436550
-1.124379 1.465319
-1.158519 1.493554
-1.192810 1.521247
-1.227244 1.548396
-1.261809 1.574995
-1.296496 1.601039
-1.331295 1.626524
-1.366195 1.651447
-1.401188 1.675802
-1.436261 1.699586
-1.471406 1.722795
-1.506611 1.745426
-1.541867 1.767475
-1.577162 1.788940
-1.612488 1.809816
-1.647832 1.830103
-1.683185 1.849796
-1.718535 1.868893
-1.753874 1.887393
-1.789189 1.905293
-1.824470 1.922590
-1.859707 1.939285
-1.894889 1.955374
-1.930006 1.970857
-1.965046 1.985733
-2.000000 2.000000
-2.034856 2.013658
-2.069604 2.026706
-2.104233 2.039144
-2.138733 2.050971
-2.173093 2.062188
-2.207303 2.072795
-2.241351 2.082792
-2.275228 2.092179
-2.308922 2.100958
-2.342424 2.109129
-2.375723 2.116693
-2.408809 2.123651
-2.441671 2.130005
-2.474299 2.135757
-2.506682 2.140909
-2.538811 2.145461
-2.570674 2.149418
-2.602263 2.152780
-2.633567 2.155550
-2.664576 2.157732
-2.695281 2.159327
-2.725670 2.160339
-2.755735 2.160772
-2.785465 2.160629
-2.814852 2.159912
-2.843885 2.158626
-2.872555 2.156776
-2.900853 2.154364
-2.928770 2.151395
-2.956295 2.147874
-2.983421 2.143805
-3.010137 2.139193
-3.036436 2.134043
-3.062308 2.128359
-3.087744 2.122148
-3.112737 2.115414
-3.137277 2.108163
-3.161356 2.100400
-3.184966 2.092132
-3.208099 2.083364
-3.230746 2.074102
-3.252900 2.064353
-3.274553 2.054124
-3.295698 2.043419
-3.316327 2.032248
-3.336432 2.020615
-3.356006 2.008528
-3.375042 1.995995
-3.393534 1.983021
-3.411474 1.969616
-3.428856 1.955785
-3.445673 1.941537
-3.461919 1.926879
-3.477587 1.911820
-3.492672 1.896366
-3.507167 1.880527
-3.521067 1.864309
-3.534367 1.847722
-3.547060 1.830774
-3.559142 1.813473
-3.570607 1.795828
-3.581450 1.777847
-3.591667 1.759540
-3.601253 1.740914
-3.610204 1.721979
-3.618514 1.702744
-3.626181 1.683217
-3.633200 1.663409
-3.639568 1.643328
-3.645280 1.622984
-3.650334 1.602385
-3.654726 1.581541
-3.658454 1.560463
-3.661513 1.539159
-3.663902 1.517638
-3.665619 1.495911
-3.666660 1.473988
-3.667024 1.451877
-3.666708 1.429590
-3.665712 1.407135
-3.664032 1.384523
-3.661669 1.361763
-3.658621 1.338865
-3.654886 1.315840
-3.650464 1.292697
-3.645355 1.269447
-3.639557 1.246099
-3.633071 1.222664
-3.625897 1.199151
-3.618034 1.175571
-3.609483 1.151933
-3.600244 1.128248
-3.590319 1.104526
-3.579707 1.080777
-3.568411 1.057012
-3.556431 1.033239
-3.543768 1.009469
-3.530425 0.985712
-3.516403 0.961979
-3.501704 0.938279
-3.486331 0.914622
-3.470285 0.891018
-3.453570 0.867477
-3.436188 0.844009
-3.418141 0.820623
-3.399434 0.797330
-3.380069 0.774139
-3.360050 0.751060
-3.339381 0.728103
-3.318065 0.705277
-3.296106 0.682591
-3.273509 0.660055
-3.250278 0.637679
-3.226418 0.615472
-3.201932 0.593443
-3.176827 0.571602
-3.151107 0.549956
-3.124778 0.528517
-3.097844 0.507292
-3.070312 0.486290
-3.042187 0.465520
-3.013475 0.444991
-2.984182 0.424712
-2.954315 0.404691
-2.923879 0.384936
-2.892882 0.365456
-2.861330 0.346259
-2.829229 0.327353
-2.796587 0.308746
-2.763412 0.290446
-2.729709 0.272461
-2.695488 0.254799
-2.660755 0.237466
-2.625517 0.220471
-2.589784 0.203820
-2.553563 0.187522
-2.516861 0.171582
-2.479688 0.156009
-2.442052 0.140808
-2.403961 0.125986
-2.365424 0.111551
-2.326449 0.097507
-2.287046 0.083862
-2.247224 0.070622
-2.206991 0.057792
-2.166358 0.045379
-2.125332 0.033387
-2.083924 0.021824
-2.042144 0.010693
-2.000000 0.000000
-1.957503 -0.010249
-1.914662 -0.020051
-1.871488 -0.029400
-1.827991 -0.038291
-1.784180 -0.046720
-1.740065 -0.054684
-1.695658 -0.062177
-1.650968 -0.069196
-1.606006 -0.075737
-1.560782 -0.081797
-1.515308 -0.087372
-1.469592 -0.092459
-1.423647 -0.097055
-1.377483 -0.101156
-1.331111 -0.104761
-1.284542 -0.107866
-1.237786 -0.110469
-1.190854 -0.112569
-1.143759 -0.114162
-1.096509 -0.115248
-1.049118 -0.115824
-1.001595 -0.115888
-0.953952 -0.115441
-0.906201 -0.114480
-0.858352 -0.113004
-0.810416 -0.111013
-0.762405 -0.108506
-0.714330 -0.105483
-0.666203 -0.101943
-0.618034 -0.097887
-0.569835 -0.093314
-0.521617 -0.088225
-0.473392 -0.082620
-0.425170 -0.076500
-0.376963 -0.069866
-0.328783 -0.062719
-0.280640 -0.055059
-0.232545 -0.046889
-0.184511 -0.038210
-0.136547 -0.029024
-0.088666 -0.019332
-0.040878 -0.009137
0.006805 0.001559
0.054373 0.012753
0.101815 0.024444
0.149119 0.036627
0.196275 0.049301
0.243271 0.062461
0.290098 0.076106
0.336744 0.090230
0.383199 0.104831
0.429451 0.119905
0.475491 0.135447
0.521307 0.151454
0.566890 0.167921
0.612230 0.184843
0.657315 0.202216
0.702135 0.220036
0.746682 0.238296
0.790943 0.256993
0.834910 0.276120
0.878574 0.295673
0.921923 0.315645
0.964948 0.336030
1.007640 0.356824
1.049990 0.378019
1.091987 0.399611
1.133624 0.421591
1.174890 0.443954
1.215776 0.466693
1.256275 0.489801
1.296377 0.513272
1.336072 0.537098
1.375354 0.561272
1.414214 0.585786
1.452642 0.610635
1.490632 0.635808
1.528175 0.661300
1.565263 0.687102
1.601888 0.713206
1.638043 0.739605
1.673721 0.766289
1.708914 0.793251
1.743615 0.820483
1.777817 0.847975
1.811513 0.875720
1.844697 0.903708
1.877361 0.931930
1.909501 0.960379
1.941108 0.989044
1.972177 1.017917
2.002703 1.046988
2.032680 1.076248
2.062101 1.105689
2.090962 1.135300
2.119257 1.165071
2.146982 1.194994
2.174130 1.225059
2.200698 1.255256
2.226682 1.285575
2.252076 1.316007
2.276876 1.346540
2.301078 1.377167
2.324679 1.407876
2.347675 1.438657
2.370062 1.469501
2.391837 1.500397
2.412997 1.531334
2.433539 1.562304
2.453459 1.593295
2.472757 1.624297
2.491428 1.655301
2.509471 1.686294
2.526884 1.717268
2.543664 1.748212
2.559811 1.779115
2.575323 1.809967
2.590198 1.840758
2.604435 1.871476
2.618034 1.902113
2.630994 1.932657
2.643313 1.963097
2.654993 1.993425
2.666031 2.023628
2.676430 2.053697
2.686188 2.083621
2.695306 2.113390
2.703785 2.142994
2.711626 2.172422
2.718829 2.201664
2.725395 2.230710
2.731327 2.259550
2.736624 2.288173
2.741290 2.316569
2.745325 2.344729
2.748732 2.372642
2.751514 2.400298
2.753672 2.427688
2.755209 2.454801
2.756128 2.481628
2.756431 2.508159
2.756123 2.534385
2.755206 2.560295
2.753683 2.585880
2.751559 2.611132
2.748837 2.636039
2.745521 2.660594
2.741615 2.684787
2.737123 2.708609
2.732051 2.732051
2.726402 2.755103
2.720182 2.777758
2.713395 2.800007
2.706047 2.821840
2.698143 2.843249
2.689688 2.864226
2.680688 2.884763
2.671148 2.904851
2.661075 2.924483
2.650475 2.943650
2.639353 2.962345
2.627717 2.980560
2.615572 2.998286
2.602926 3.015518
2.589784 3.032247
2.576155 3.048467
2.562044 3.064170
2.547460 3.079349
2.532409 3.093998
2.516898 3.108110
2.500936 3.121679
2.484531 3.134697
2.467689 3.147160
2.450419 3.159060
2.432728 3.170393
2.414626 3.181152
2.396119 3.191331
2.377218 3.200926
2.357929 3.209931
2.338261 3.218340
2.318224 3.226150
2.297826 3.233355
2.277075 3.239950
2.255981 3.245932
2.234553 3.251295
2.212800 3.256036
2.190731 3.260151
2.168355 3.263636
2.145681 3.266487
2.122720 3.268702
2.099480 3.270276
2.075971 3.271207
2.052203 3.271492
2.028186 3.271128
2.003928 3.270113
1.979440 3.268444
1.954732 3.266119
1.929814 3.263136
1.904695 3.259494
1.879385 3.255191
1.853896 3.250225
1.828235 3.244595
1.802415 3.238300
1.776444 3.231339
1.750333 3.223712
1.724092 3.215418
1.697732 3.206457
1.671262 3.196829
1.644693 3.186533
1.618034 3.175570
1.591297 3.163941
1.564491 3.151646
1.537627 3.138686
1.510714 3.125062
1.483764 3.110775
1.456786 3.095827
1.429790 3.080219
1.402787 3.063952
1.375787 3.047030
1.348800 3.029454
1.321836 3.011226
1.294905 2.992349
1.268018 2.972826
1.241184 2.952659
1.214413 2.931852
1.187715 2.910407
1.161101 2.888329
1.134579 2.865620
1.108161 2.842285
1.081855 2.818328
1.055671 2.793753
1.029620 2.768563
1.003709 2.742765
0.977950 2.716361
0.952352 2.689358
0.926923 2.661759
0.901673 2.633571
0.876612 2.604799
0.851748 2.575448
0.827091 2.545524
0.802649 2.515033
0.778432 2.483980
0.754448 2.452372
0.730706 2.420216
0.707215 2.387517
0.683983 2.354283
0.661018 2.320520
0.638328 2.286235
0.615923 2.251436
0.593810 2.216129
0.571997 2.180322
0.550492 2.144023
0.529302 2.107239
0.508435 2.069978
0.487900 2.032247
0.467702 1.994056
0.447849 1.955413
0.428349 1.916325
0.409209 1.876801
0.390435 1.836850
0.372033 1.796480
0.354012 1.755701
0.336376 1.714521
0.319132 1.672950
0.302287 1.630996
0.285847 1.588670
0.269817 1.545980
0.254203 1.502935
0.239010 1.459547
0.224244 1.415823
0.209911 1.371775
0.196015 1.327412
0.182561 1.282743
0.169555 1.237780
0.157000 1.192533
0.144901 1.147011
0.133263 1.101224
0.122089 1.055185
0.111384 1.008902
0.101151 0.962386
0.091394 0.915649
0.082116 0.868700
0.073322 0.821551
0.065012 0.774212
0.057192 0.726695
0.049863 0.679009
0.043029 0.631167
0.036691 0.583179
0.030851 0.535056
0.025513 0.486809
0.020677 0.438450
0.016345 0.389989
0.012520 0.341438
0.009202 0.292808
0.006392 0.244110
0.004092 0.195356
0.002302 0.146557
0.001023 0.097723
0.000256 0.048867
-0.000000 -0.000000
0.000256 -0.048868
0.001023 -0.097724
0.002302 -0.146557
0.004092 -0.195356
0.006392 -0.244111
0.009202 -0.292808
0.012520 -0.341438
0.016345 -0.389989
0.020677 -0.438450
0.025513 -0.486809
0.030851 -0.535056
0.036691 -0.583179
0.043029 -0.631167
0.049863 -0.679010
0.057192 -0.726695
0.065012 -0.774213
0.073321 -0.821552
0.082116 -0.868701
0.091394 -0.915649
0.101151 -0.962387
0.111384 -1.008902
0.122089 -1.055185
0.133263 -1.101225
0.144901 -1.147011
0.157000 -1.192533
0.169555 -1.237781
0.182561 -1.282744
0.196015 -1.327412
0.209911 -1.371775
0.224244 -1.415824
0.239010 -1.459547
0.254202 -1.502936
0.269817 -1.545980
0.285847 -1.588670
0.302287 -1.630997
0.319132 -1.672950
0.336376 -1.714522
0.354011 -1.755701
0.372033 -1.796481
0.390434 -1.836850
0.409209 -1.876801
0.428349 -1.916325
0.447849 -1.955413
0.467702 -1.994057
0.487899 -2.032248
0.508435 -2.069978
0.529302 -2.107239
0.550491 -2.144023
0.571997 -2.180322
0.593810 -2.216129
0.615923 -2.251436
0.638328 -2.286236
0.661017 -2.320520
0.683982 -2.354283
0.707215 -2.387517
0.730706 -2.420216
0.754448 -2.452372
0.778432 -2.483980
0.802649 -2.515033
0.827091 -2.545524
0.851748 -2.575448
0.876612 -2.604800
0.901673 -2.633572
0.926923 -2.661760
0.952351 -2.689358
0.977950 -2.716361
1.003709 -2.742765
1.029619 -2.768564
1.055671 -2.793753
1.081855 -2.818329
1.108161 -2.842286
1.134579 -2.865621
1.161101 -2.888329
1.187715 -2.910407
1.214413 -2.931852
1.241183 -2.952659
1.268018 -2.972826
1.294905 -2.992349
1.321836 -3.011226
1.348800 -3.029454
1.375787 -3.047030
1.402787 -3.063953
1.429790 -3.080219
1.456785 -3.095827
1.483764 -3.110775
1.510714 -3.125062
1.537626 -3.138686
1.564491 -3.151646
1.591297 -3.163941
1.618034 -3.175571
1.644692 -3.186533
1.671262 -3.196829
1.697732 -3.206457
1.724092 -3.215419
1.750333 -3.223713
1.776444 -3.231340
1.802414 -3.238300
1.828235 -3.244595
1.853895 -3.250225
1.879385 -3.255191
1.904694 -3.259494
1.929813 -3.263137
1.954732 -3.266119
1.979440 -3.268444
2.003928 -3.270113
2.028185 -3.271128
2.052203 -3.271492
2.075971 -3.271207
2.099480 -3.270276
2.122720 -3.268702
2.145681 -3.266488
2.168355 -3.263636
2.190731 -3.260151
2.212800 -3.256036
2.234553 -3.251295
2.255981 -3.245932
2.277075 -3.239950
2.297826 -3.233355
2.318224 -3.226150
2.338261 -3.218341
2.357928 -3.209931
2.377217 -3.200926
2.396119 -3.191331
2.414625 -3.181152
2.432728 -3.170393
2.450418 -3.159061
2.467688 -3.147160
2.484530 -3.134698
2.500936 -3.121679
2.516898 -3.108111
2.532408 -3.093999
2.547459 -3.079350
2.562044 -3.064170
2.576154 -3.048467
2.589784 -3.032248
2.602925 -3.015518
2.615572 -2.998287
2.627717 -2.980560
2.639353 -2.962345
2.650475 -2.943650
2.661075 -2.924483
2.671148 -2.904852
2.680687 -2.884763
2.689687 -2.864226
2.698142 -2.843249
2.706047 -2.821840
2.713395 -2.800007
2.720182 -2.777758
2.726402 -2.755104
2.732051 -2.732051
2.737123 -2.708609
2.741614 -2.684787
2.745520 -2.660594
2.748836 -2.636040
2.751559 -2.611132
2.753683 -2.585881
2.755205 -2.560295
2.756123 -2.534385
2.756431 -2.508160
2.756127 -2.481628
2.755208 -2.454801
2.753671 -2.427688
2.751513 -2.400298
2.748732 -2.372642
2.745325 -2.344729
2.741289 -2.316569
2.736624 -2.288173
2.731326 -2.259550
2.725395 -2.230710
2.718828 -2.201664
2.711626 -2.172422
2.703785 -2.142994
2.695306 -2.113390
2.686188 -2.083621
2.676429 -2.053697
2.666031 -2.023628
2.654992 -1.993425
2.643313 -1.963098
2.630993 -1.932657
2.618034 -1.902113
2.604435 -1.871477
2.590198 -1.840758
2.575322 -1.809967
2.559811 -1.779115
2.543664 -1.748212
2.526883 -1.717268
2.509470 -1.686294
2.491427 -1.655301
2.472756 -1.624297
2.453459 -1.593295
2.433538 -1.562304
2.412997 -1.531334
2.391837 -1.500397
2.370062 -1.469501
2.347675 -1.438657
2.324679 -1.407876
2.301078 -1.377167
2.276875 -1.346541
2.252075 -1.316007
2.226681 -1.285575
2.200698 -1.255256
2.174130 -1.225059
2.146981 -1.194995
2.119257 -1.165071
2.090962 -1.135300
2.062101 -1.105689
2.032679 -1.076248
2.002703 -1.046988
1.972177 -1.017917
1.941108 -0.989044
1.909500 -0.960379
1.877361 -0.931930
1.844697 -0.903708
1.811513 -0.875720
1.777817 -0.847975
1.743615 -0.820483
1.708914 -0.793251
1.673721 -0.766289
1.638043 -0.739605
1.601888 -0.713206
1.565262 -0.687102
1.528174 -0.661300
1.490632 -0.635808
1.452642 -0.610635
1.414213 -0.585786
1.375354 -0.561272
1.336072 -0.537098
1.296376 -0.513272
1.256275 -0.489801
1.215776 -0.466693
1.174889 -0.443954
1.133623 -0.421591
1.091987 -0.399610
1.049989 -0.378019
1.007640 -0.356824
0.964948 -0.336030
0.921922 -0.315645
0.878573 -0.295673
0.834910 -0.276120
0.790943 -0.256993
0.746681 -0.238296
0.702135 -0.220036
0.657314 -0.202216
0.612229 -0.184843
0.566890 -0.167921
0.521307 -0.151454
0.475490 -0.135447
0.429451 -0.119905
0.383198 -0.104831
0.336744 -0.090230
0.290098 -0.076106
0.243271 -0.062461
0.196274 -0.049301
0.149119 -0.036627
0.101814 -0.024443
0.054373 -0.012753
0.006805 -0.001559
-0.040879 0.009137
-0.088666 0.019332
-0.136548 0.029024
-0.184511 0.038210
-0.232546 0.046889
-0.280640 0.055059
-0.328783 0.062719
-0.376963 0.069866
-0.425170 0.076500
-0.473392 0.082620
-0.521617 0.088225
-0.569835 0.093314
-0.618034 0.097887
-0.666203 0.101943
-0.714331 0.105483
-0.762405 0.108506
-0.810416 0.111013
-0.858352 0.113004
-0.906201 0.114480
-0.953953 0.115441
-1.001596 0.115889
-1.049118 0.115824
-1.096510 0.115248
-1.143759 0.114162
-1.190855 0.112569
-1.237786 0.110470
-1.284542 0.107866
-1.331112 0.104761
-1.377484 0.101156
-1.423648 0.097055
-1.469593 0.092459
-1.515308 0.087372
-1.560783 0.081797
-1.606006 0.075737
-1.650968 0.069196
-1.695658 0.062177
-1.740066 0.054684
-1.784180 0.046721
-1.827991 0.038291
-1.871489 0.029400
-1.914663 0.020051
-1.957503 0.010250
-2.000000 0.000000
-2.042144 -0.010693
-2.083924 -0.021823
-2.125332 -0.033387
-2.166358 -0.045379
-2.206992 -0.057792
-2.247224 -0.070622
-2.287047 -0.083862
-2.326450 -0.097507
-2.365424 -0.111550
-2.403961 -0.125986
-2.442052 -0.140808
-2.479689 -0.156009
-2.516862 -0.171582
-2.553563 -0.187522
-2.589784 -0.203820
-2.625518 -0.220471
-2.660755 -0.237466
-2.695488 -0.254798
-2.729710 -0.272461
-2.763412 -0.290446
-2.796588 -0.308746
-2.829229 -0.327353
-2.861330 -0.346259
-2.892882 -0.365456
-2.923880 -0.384936
-2.954315 -0.404691
-2.984183 -0.424712
-3.013475 -0.444991
-3.042187 -0.465520
-3.070312 -0.486289
-3.097844 -0.507291
-3.124778 -0.528516
-3.151107 -0.549956
-3.176827 -0.571601
-3.201932 -0.593443
-3.226418 -0.615472
-3.250278 -0.637679
-3.273509 -0.660055
-3.296106 -0.682591
-3.318065 -0.705276
-3.339381 -0.728103
-3.360050 -0.751060
-3.380069 -0.774139
-3.399434 -0.797330
-3.418141 -0.820623
-3.436188 -0.844008
-3.453570 -0.867477
-3.470285 -0.891018
-3.486331 -0.914622
-3.501705 -0.938279
-3.516403 -0.961979
-3.530425 -0.985712
-3.543768 -1.009469
-3.556431 -1.033238
-3.568411 -1.057011
-3.579708 -1.080777
-3.590319 -1.104526
-3.600245 -1.128248
-3.609483 -1.151933
-3.618034 -1.175570
-3.625897 -1.199151
-3.633072 -1.222663
-3.639558 -1.246099
-3.645355 -1.269447
-3.650465 -1.292697
-3.654886 -1.315840
-3.658621 -1.338865
-3.661669 -1.361762
-3.664033 -1.384522
-3.665712 -1.407135
-3.666708 -1.429590
-3.667024 -1.451877
-3.666660 -1.473988
-3.665619 -1.495911
-3.663903 -1.517638
-3.661513 -1.539158
-3.658454 -1.560462
-3.654727 -1.581541
-3.650334 -1.602384
-3.645281 -1.622983
-3.639568 -1.643328
-3.633201 -1.663409
-3.626181 -1.683217
-3.618515 -1.702743
-3.610204 -1.721979
-3.601253 -1.740914
-3.591667 -1.759539
-3.581450 -1.777847
-3.570607 -1.795828
-3.559142 -1.813473
-3.547060 -1.830774
-3.534367 -1.847722
-3.521068 -1.864309
-3.507167 -1.880526
-3.492672 -1.896366
-3.477587 -1.911819
-3.461919 -1.926879
-3.445673 -1.941537
-3.428856 -1.955785
-3.411474 -1.969615
-3.393534 -1.983021
-3.375042 -1.995994
-3.356006 -2.008528
-3.336432 -2.020615
-3.316327 -2.032247
-3.295698 -2.043419
-3.274554 -2.054123
-3.252900 -2.064353
-3.230746 -2.074102
-3.208099 -2.083363
-3.184966 -2.092131
-3.161356 -2.100400
-3.137277 -2.108162
-3.112737 -2.115413
-3.087744 -2.122148
-3.062308 -2.128359
-3.036436 -2.134043
-3.010137 -2.139193
-2.983421 -2.143805
-2.956295 -2.147874
-2.928770 -2.151395
-2.900853 -2.154364
-2.872556 -2.156775
-2.843885 -2.158626
-2.814852 -2.159912
-2.785465 -2.160628
-2.755735 -2.160772
-2.725670 -2.160339
-2.695281 -2.159327
-2.664576 -2.157731
-2.633567 -2.155550
-2.602263 -2.152779
-2.570674 -2.149417
-2.538811 -2.145461
-2.506682 -2.140908
-2.474299 -2.135757
-2.441671 -2.130005
-2.408809 -2.123651
-2.375724 -2.116692
-2.342424 -2.109128
-2.308922 -2.100957
-2.275228 -2.092179
-2.241351 -2.082792
-2.207303 -2.072795
-2.173093 -2.062188
-2.138733 -2.050971
-2.104233 -2.039144
-2.069604 -2.026706
-2.034856 -2.013658
-2.000000 -2.000000
-1.965046 -1.985733
-1.930006 -1.970857
-1.894889 -1.955374
-1.859707 -1.939285
-1.824470 -1.922590
-1.789189 -1.905292
-1.753874 -1.887392
-1.718535 -1.868893
-1.683185 -1.849795
-1.647832 -1.830102
-1.612487 -1.809816
-1.577162 -1.788939
-1.541867 -1.767475
-1.506611 -1.745425
-1.471406 -1.722794
-1.436261 -1.699585
-1.401188 -1.675801
-1.366195 -1.651446
-1.331295 -1.626524
-1.296496 -1.601039
-1.261809 -1.574995
-1.227244 -1.548396
-1.192810 -1.521247
-1.158519 -1.493553
-1.124379 -1.465319
-1.090401 -1.436550
-1.056593 -1.407250
-1.022967 -1.377426
-0.989531 -1.347083
-0.956295 -1.316227
-0.923268 -1.284864
-0.890460 -1.252999
-0.857880 -1.220639
-0.825536 -1.187791
-0.793439 -1.154460
-0.761596 -1.120654
-0.730017 -1.086379
-0.698710 -1.051643
-0.667684 -1.016452
-0.636948 -0.980814
-0.606510 -0.944736
-0.576378 -0.908226
-0.546560 -0.871291
-0.517065 -0.833940
-0.487899 -0.796179
-0.459072 -0.758018
-0.430591 -0.719465
-0.402463 -0.680528
-0.374696 -0.641215
-0.347296 -0.601535
-0.320272 -0.561496
-0.293630 -0.521109
-0.267376 -0.480381
-0.241519 -0.439321
-0.216064 -0.397939
-0.191017 -0.356245
-0.166385 -0.314247
-0.142174 -0.271954
-0.118391 -0.229378
-0.095040 -0.186526
-0.072128 -0.143410
-0.049660 -0.100039
-0.027641 -0.056422
-0.006077 -0.012571
0.015028 0.031506
0.035668 0.075797
0.055838 0.120293
0.075535 0.164983
0.094754 0.209856
0.113490 0.254903
0.131740 0.300112
0.149500 0.345474
0.166766 0.390976
0.183534 0.436609
0.199801 0.482362
0.215564 0.528224
0.230820 0.574184
0.245567 0.620231
0.259801 0.666354
0.273519 0.712542
0.286721 0.758785
0.299403 0.805070
0.311564 0.851388
0.323201 0.897726
0.334314 0.944075
0.344901 0.990421
0.354961 1.036755
0.364492 1.083066
0.373494 1.129341
0.381966 1.175571
0.389908 1.221743
0.397319 1.267846
0.404199 1.313870
0.410549 1.359804
0.416368 1.405635
0.421657 1.451353
0.426417 1.496947
0.430647 1.542405
0.434350 1.587717
0.437527 1.632872
0.440178 1.677858
0.442305 1.722665
0.443911 1.767281
0.444995 1.811696
0.445562 1.855900
0.445613 1.899880
0.445150 1.943626
0.444176 1.987128
0.442694 2.030376
0.440706 2.073357
0.438216 2.116063
0.435226 2.158482
0.431742 2.200604
0.427764 2.242419
0.423299 2.283916
0.418349 2.325086
0.412919 2.365918
0.407013 2.406403
0.400635 2.446530
0.393790 2.486290
0.386482 2.525673
0.378718 2.564669
0.370500 2.603268
0.361836 2.641463
0.352729 2.679242
0.343186 2.716597
0.333213 2.753519
0.322814 2.789999
0.311997 2.826028
0.300766 2.861597
0.289129 2.896698
0.277092 2.931321
0.264660 2.965460
0.251842 2.999105
0.238643 3.032248
0.225071 3.064881
0.211132 3.096997
0.196834 3.128588
0.182184 3.159646
0.167190 3.190164
0.151858 3.220135
0.136197 3.249550
0.120214 3.278404
0.103917 3.306690
0.087315 3.334400
0.070414 3.361529
0.053224 3.388070
0.035753 3.414016
0.018009 3.439362
0.000000 3.464102
-0.018264 3.488229
-0.036776 3.511739
-0.055526 3.534627
-0.074506 3.556885
-0.093706 3.578511
-0.113119 3.599498
-0.132733 3.619843
-0.152542 3.639539
-0.172534 3.658585
-0.192702 3.676973
-0.213035 3.694702
-0.233524 3.711767
-0.254160 3.728165
-0.274934 3.743891
-0.295835 3.758943
-0.316854 3.773317
-0.337981 3.787011
-0.359208 3.800022
-0.380522 3.812347
-0.401917 3.823983
-0.423380 3.834930
-0.444903 3.845184
-0.466475 3.854744
-0.488087 3.863608
-0.509729 3.871775
-0.531390 3.879243
-0.553061 3.886012
-0.574732 3.892080
-0.596393 3.897448
-0.618034 3.902113
-0.639644 3.906077
-0.661215 3.909338
-0.682735 3.911898
-0.704196 3.913756
-0.725586 3.914913
-0.746896 3.915369
-0.768117 3.915125
-0.789237 3.914183
-0.810248 3.912543
-0.831140 3.910207
-0.851902 3.907176
-0.872525 3.903453
-0.892999 3.899039
-0.913314 3.893936
-0.933461 3.888147
-0.953430 3.881674
-0.973212 3.874520
-0.992796 3.866688
-1.012174 3.858180
-1.031336 3.849001
-1.050273 3.839153
-1.068975 3.828640
-1.087434 3.817467
-1.105639 3.805636
-1.123582 3.793152
-1.141255 3.780019
-1.158647 3.766242
-1.175751 3.751826
-1.192557 3.736775
-1.209057 3.721095
-1.225242 3.704789
-1.241103 3.687865
-1.256633 3.670327
-1.271824 3.652181
-1.286665 3.633432
-1.301151 3.614087
-1.315273 3.594153
-1.329022 3.573634
-1.342392 3.552538
-1.355374 3.530871
-1.367961 3.508639
-1.380146 3.485851
-1.391921 3.462512
-1.403279 3.438631
-1.414213 3.414214
-1.424717 3.389268
-1.434783 3.363802
-1.444404 3.337823
-1.453576 3.311338
-1.462290 3.284357
-1.470540 3.256886
-1.478322 3.228935
-1.485628 3.200512
-1.492453 3.171624
-1.498791 3.142281
-1.504637 3.112491
-1.509985 3.082264
-1.514831 3.051607
-1.519168 3.020531
-1.522994 2.989044
-1.526301 2.957155
-1.529087 2.924874
-1.531346 2.892210
-1.533075 2.859173
-1.534269 2.825773
-1.534925 2.792018
-1.535038 2.757919
-1.534605 2.723486
-1.533623 2.688728
-1.532089 2.653656
-1.529999 2.618279
-1.527350 2.582608
-1.524140 2.546654
-1.520367 2.510425
-1.516028 2.473933
-1.511120 2.437188
-1.505643 2.400201
-1.499593 2.362981
-1.492970 2.325540
-1.485771 2.287888
-1.477997 2.250035
-1.469644 2.211993
-1.460714 2.173772
-1.451204 2.135382
-1.441114 2.096835
-1.430445 2.058141
-1.419195 2.019311
-1.407365 1.980356
-1.394955 1.941286
-1.381966 1.902113
-1.368397 1.862847
-1.354250 1.823499
-1.339525 1.784081
-1.324225 1.744602
-1.308349 1.705074
-1.291899 1.665507
-1.274878 1.625913
-1.257287 1.586301
-1.239127 1.546684
-1.220402 1.507071
-1.201113 1.467474
-1.181264 1.427903
-1.160856 1.388368
-1.139893 1.348882
-1.118378 1.309453
-1.096314 1.270092
-1.073705 1.230811
-1.050554 1.191620
-1.026865 1.152529
-1.002643 1.113548
-0.977890 1.074687
-0.952612 1.035958
-0.926814 0.997370
-0.900499 0.958934
-0.873672 0.920659
-0.846339 0.882555
-0.818505 0.844632
-0.790176 0.806901
-0.761355 0.769370
-0.732051 0.732051
-0.702267 0.694951
-0.672010 0.658081
-0.641287 0.621450
-0.610103 0.585068
-0.578465 0.548943
-0.546380 0.513085
-0.513854 0.477503
-0.480895 0.442205
-0.447509 0.407202
-0.413703 0.372500
-0.379485 0.338109
-0.344862 0.304037
-0.309842 0.270293
-0.274433 0.236885
-0.238643 0.203820
-0.202479 0.171108
-0.165949 0.138755
-0.129063 0.106770
-0.091827 0.075160
-0.054252 0.043932
-0.016345 0.013095
0.021885 -0.017346
0.060429 -0.047382
0.099278 -0.077008
0.138423 -0.106215
0.177854 -0.134999
0.217563 -0.163351
0.257541 -0.191267
0.297777 -0.218739
0.338261 -0.245761
0.378986 -0.272329
0.419940 -0.298436
0.461113 -0.324076
0.502497 -0.349245
0.544080 -0.373936
0.585854 -0.398146
0.627806 -0.421868
0.669929 -0.445100
0.712210 -0.467834
0.754640 -0.490069
0.797208 -0.511798
0.839904 -0.533019
0.882717 -0.553727
0.925636 -0.573919
0.968652 -0.593591
1.011753 -0.612739
1.054928 -0.631361
1.098167 -0.649454
1.141459 -0.667015
1.184793 -0.684041
1.228158 -0.700529
1.271543 -0.716478
1.314937 -0.731885
1.358330 -0.746749
1.401710 -0.761067
1.445067 -0.774838
1.488388 -0.788061
1.531664 -0.800735
1.574883 -0.812858
1.618034 -0.824430
1.661107 -0.835450
1.704089 -0.845917
1.746971 -0.855832
1.789740 -0.865194
1.832387 -0.874004
1.874900 -0.882261
1.917268 -0.889966
1.959480 -0.897120
2.001525 -0.903723
2.043393 -0.909777
2.085072 -0.915283
2.126552 -0.920241
2.167822 -0.924655
2.208871 -0.928524
2.249689 -0.931852
2.290265 -0.934640
2.330588 -0.936891
2.370648 -0.938606
2.410434 -0.939789
2.449936 -0.940442
2.489143 -0.940569
2.528046 -0.940172
2.566634 -0.939255
2.604897 -0.937821
2.642825 -0.935874
2.680408 -0.933417
2.717635 -0.930455
2.754498 -0.926991
2.790987 -0.923031
2.827091 -0.918578
2.862802 -0.913637
2.898109 -0.908213
2.933005 -0.902310
2.967478 -0.895935
3.001521 -0.889091
3.035124 -0.881785
3.068278 -0.874022
3.100974 -0.865808
3.133205 -0.857148
3.164961 -0.848049
3.196233 -0.838516
3.227014 -0.828557
3.257295 -0.818176
3.287069 -0.807382
3.316327 -0.796180
3.345061 -0.784577
3.373264 -0.772581
3.400929 -0.760198
3.428047 -0.747435
3.454612 -0.734301
3.480617 -0.720801
3.506055 -0.706945
3.530918 -0.692739
3.555200 -0.678191
3.578896 -0.663309
3.601997 -0.648102
3.624499 -0.632577
3.646395 -0.616742
3.667679 -0.600606
3.688346 -0.584177
3.708390 -0.567464
3.727806 -0.550475
3.746588 -0.533219
3.764731 -0.515704
3.782231 -0.497941
3.799083 -0.479936
3.815282 -0.461700
3.830825 -0.443242
3.845706 -0.424570
3.859921 -0.405694
3.873468 -0.386624
3.886342 -0.367368
3.898541 -0.347936
3.910059 -0.328337
3.920895 -0.308582
3.931046 -0.288678
3.940509 -0.268637
3.949281 -0.248468
3.957360 -0.228180
3.964744 -0.207784
3.971430 -0.187288
3.977418 -0.166704
3.982705 -0.146040
3.987289 -0.125306
3.991171 -0.104513
3.994348 -0.083670
3.996820 -0.062787
3.998587 -0.041875
3.999647 -0.020943
4.000000 -0.000000
3.999647 0.020942
3.998587 0.041874
3.996820 0.062787
3.994348 0.083669
3.991171 0.104512
3.987289 0.125305
3.982705 0.146039
3.977418 0.166703
3.971430 0.187288
3.964744 0.207783
3.957360 0.228180
3.949281 0.248467
3.940509 0.268637
3.931046 0.288678
3.920895 0.308581
3.910059 0.328336
3.898540 0.347935
3.886342 0.367367
3.873468 0.386623
3.859921 0.405694
3.845705 0.424569
3.830824 0.443241
3.815282 0.461700
3.799083 0.479935
3.782231 0.497940
3.764731 0.515704
3.746587 0.533218
3.727805 0.550474
3.708390 0.567463
3.688346 0.584176
3.667679 0.600605
3.646395 0.616741
3.624499 0.632576
3.601997 0.648101
3.578895 0.663309
3.555200 0.678190
3.530918 0.692738
3.506054 0.706944
3.480617 0.720801
3.454612 0.734300
3.428047 0.747435
3.400929 0.760197
3.373264 0.772580
3.345061 0.784577
3.316326 0.796179
3.287069 0.807381
3.257295 0.818176
3.227014 0.828556
3.196233 0.838516
3.164960 0.848048
3.133205 0.857147
3.100974 0.865807
3.068278 0.874022
3.035123 0.881785
3.001520 0.889091
2.967478 0.895934
2.933004 0.902310
2.898109 0.908212
2.862801 0.913636
2.827091 0.918577
2.790986 0.923030
2.754498 0.926991
2.717635 0.930454
2.680407 0.933416
2.642824 0.935873
2.604897 0.937820
2.566634 0.939254
2.528046 0.940172
2.489143 0.940568
2.449935 0.940442
2.410433 0.939788
2.370647 0.938605
2.330587 0.936890
2.290264 0.934639
2.249689 0.931851
2.208871 0.928524
2.167822 0.924654
2.126552 0.920241
2.085072 0.915282
2.043392 0.909777
2.001525 0.903723
1.959479 0.897119
1.917267 0.889966
1.874899 0.882260
1.832386 0.874003
1.789740 0.865194
1.746970 0.855832
1.704089 0.845917
1.661106 0.835449
1.618034 0.824429
1.574883 0.812857
1.531664 0.800734
1.488388 0.788061
1.445066 0.774837
1.401710 0.761066
1.358330 0.746748
1.314937 0.731884
1.271543 0.716477
1.228157 0.700528
1.184792 0.684040
1.141458 0.667014
1.098166 0.649454
1.054927 0.631361
1.011752 0.612739
0.968651 0.593590
0.925636 0.573918
0.882716 0.553727
0.839903 0.533019
0.797207 0.511798
0.754639 0.490068
0.712209 0.467834
0.669928 0.445099
0.627806 0.421868
0.585853 0.398145
0.544080 0.373936
0.502497 0.349244
0.461113 0.324076
0.419939 0.298435
0.378985 0.272328
0.338261 0.245761
0.297776 0.218738
0.257540 0.191266
0.217563 0.163351
0.177854 0.134998
0.138422 0.106215
0.099277 0.077007
0.060428 0.047382
0.021884 0.017345
-0.016346 -0.013095
-0.054253 -0.043933
-0.091828 -0.075160
-0.129063 -0.106770
-0.165950 -0.138756
-0.202479 -0.171108
-0.238643 -0.203821
-0.274434 -0.236885
-0.309843 -0.270293
-0.344863 -0.304037
-0.379485 -0.338109
-0.413703 -0.372500
-0.447509 -0.407202
-0.480895 -0.442206
-0.513855 -0.477503
-0.546381 -0.513086
-0.578466 -0.548944
-0.610104 -0.585068
-0.641287 -0.621451
-0.672011 -0.658081
-0.702267 -0.694951
-0.732051 -0.732051
-0.761356 -0.769371
-0.790176 -0.806901
-0.818506 -0.844633
-0.846340 -0.882555
-0.873673 -0.920659
-0.900499 -0.958934
-0.926814 -0.997371
-0.952613 -1.035959
-0.977891 -1.074688
-1.002643 -1.113548
-1.026866 -1.152529
-1.050555 -1.191620
-1.073706 -1.230812
-1.096315 -1.270093
-1.118379 -1.309453
-1.139894 -1.348882
-1.160857 -1.388369
-1.181264 -1.427903
-1.201114 -1.467474
-1.220403 -1.507072
-1.239128 -1.546684
-1.257287 -1.586302
-1.274879 -1.625913
-1.291900 -1.665507
-1.308349 -1.705074
-1.324225 -1.744602
-1.339526 -1.784081
-1.354251 -1.823500
-1.368398 -1.862847
-1.381966 -1.902113
-1.394956 -1.941286
-1.407366 -1.980356
-1.419196 -2.019311
-1.430446 -2.058141
-1.441115 -2.096835
-1.451205 -2.135382
-1.460714 -2.173772
-1.469645 -2.211993
-1.477997 -2.250035
-1.485772 -2.287888
-1.492971 -2.325540
-1.499594 -2.362981
-1.505644 -2.400201
-1.511121 -2.437188
-1.516029 -2.473933
-1.520368 -2.510425
-1.524141 -2.546654
-1.527351 -2.582609
-1.529999 -2.618279
-1.532089 -2.653656
-1.533624 -2.688728
-1.534606 -2.723486
-1.535038 -2.757919
-1.534925 -2.792018
-1.534270 -2.825773
-1.533076 -2.859173
-1.531347 -2.892210
-1.529088 -2.924874
-1.526302 -2.957155
-1.522994 -2.989044
-1.519169 -3.020531
-1.514831 -3.051607
-1.509986 -3.082264
-1.504638 -3.112491
-1.498792 -3.142281
-1.492453 -3.171624
-1.485628 -3.200512
-1.478322 -3.228935
-1.470541 -3.256886
-1.462290 -3.284357
-1.453576 -3.311338
-1.444405 -3.337823
-1.434783 -3.363802
-1.424718 -3.389268
-1.414214 -3.414214
-1.403280 -3.438631
-1.391922 -3.462512
-1.380146 -3.485851
-1.367962 -3.508639
-1.355375 -3.530871
-1.342393 -3.552538
-1.329023 -3.573634
-1.315273 -3.594153
-1.301152 -3.614087
-1.286666 -3.633432
-1.271824 -3.652181
-1.256634 -3.670327
-1.241104 -3.687865
-1.225242 -3.704789
-1.209057 -3.721095
-1.192558 -3.736775
-1.175751 -3.751826
-1.158648 -3.766242
-1.141255 -3.780019
-1.123583 -3.793152
-1.105640 -3.805636
-1.087434 -3.817466
-1.068976 -3.828640
-1.050274 -3.839153
-1.031337 -3.849001
-1.012175 -3.858180
-0.992797 -3.866687
-0.973213 -3.874520
-0.953431 -3.881674
-0.933462 -3.888147
-0.913315 -3.893936
-0.893000 -3.899039
-0.872526 -3.903453
-0.851903 -3.907176
-0.831141 -3.910207
-0.810249 -3.912543
-0.789238 -3.914183
-0.768117 -3.915125
-0.746897 -3.915369
-0.725587 -3.914913
-0.704196 -3.913756
-0.682736 -3.911898
-0.661216 -3.909338
-0.639645 -3.906077
-0.618034 -3.902113
-0.596394 -3.897447
-0.574733 -3.892080
-0.553062 -3.886012
-0.531391 -3.879243
-0.509729 -3.871774
-0.488088 -3.863608
-0.466476 -3.854744
-0.444903 -3.845184
-0.423381 -3.834929
-0.401917 -3.823983
-0.380523 -3.812346
-0.359208 -3.800021
-0.337982 -3.787011
-0.316855 -3.773317
-0.295836 -3.758942
-0.274935 -3.743891
-0.254161 -3.728164
-0.233525 -3.711767
-0.213036 -3.694702
-0.192702 -3.676973
-0.172535 -3.658584
-0.152542 -3.639539
-0.132734 -3.619842
-0.113119 -3.599498
-0.093707 -3.578511
-0.074507 -3.556885
-0.055527 -3.534626
-0.036777 -3.511739
-0.018265 -3.488229
-0.000000 -3.464101
0.018008 -3.439362
0.035752 -3.414016
0.053224 -3.388069
0.070414 -3.361529
0.087314 -3.334400
0.103917 -3.306690
0.120213 -3.278404
0.136196 -3.249550
0.151857 -3.220134
0.167189 -3.190164
0.182184 -3.159646
0.196834 -3.128588
0.211132 -3.096997
0.225070 -3.064881
0.238643 -3.032247
0.251841 -2.999104
0.264660 -2.965459
0.277091 -2.931321
0.289128 -2.896697
0.300766 -2.861596
0.311996 -2.826027
0.322814 -2.789999
0.333212 -2.753519
0.343186 -2.716597
0.352729 -2.679241
0.361835 -2.641462
0.370500 -2.603268
0.378717 -2.564668
0.386482 -2.525672
0.393789 -2.486289
0.400634 -2.446530
0.407012 -2.406403
0.412919 -2.365918
0.418349 -2.325086
0.423299 -2.283916
0.427764 -2.242418
0.431741 -2.200603
0.435226 -2.158481
0.438215 -2.116062
0.440705 -2.073357
0.442693 -2.030375
0.444175 -1.987128
0.445149 -1.943626
0.445612 -1.899879
0.445562 -1.855899
0.444995 -1.811696
0.443910 -1.767281
0.442305 -1.722664
0.440177 -1.677857
0.437526 -1.632871
0.434350 -1.587717
0.430647 -1.542404
0.426416 -1.496946
0.421657 -1.451352
0.416368 -1.405634
0.410549 -1.359803
0.404199 -1.313870
0.397319 -1.267846
0.389908 -1.221742
0.381966 -1.175570
0.373494 -1.129341
0.364492 -1.083065
0.354960 -1.036755
0.344901 -0.990421
0.334314 -0.944074
0.323201 -0.897726
0.311563 -0.851387
0.299403 -0.805070
0.286721 -0.758784
0.273519 -0.712542
0.259800 -0.666353
0.245566 -0.620230
0.230820 -0.574183
0.215564 -0.528223
0.199801 -0.482362
0.183533 -0.436609
0.166765 -0.390976
0.149499 -0.345473
0.131740 -0.300112
0.113490 -0.254902
0.094753 -0.209856
0.075535 -0.164982
0.055838 -0.120292
0.035667 -0.075797
0.015027 -0.031505
-0.006077 0.012571
-0.027641 0.056423
-0.049660 0.100039
-0.072128 0.143411
-0.095040 0.186527
-0.118391 0.229379
-0.142175 0.271955
-0.166385 0.314247
-0.191017 0.356245
-0.216064 0.397940
-0.241519 0.439322
-0.267377 0.480381
-0.293630 0.521109
-0.320272 0.561497
-0.347297 0.601535
-0.374696 0.641215
-0.402463 0.680528
-0.430591 0.719466
-0.459073 0.758019
-0.487900 0.796180
-0.517065 0.833940
-0.546560 0.871292
-0.576378 0.908226
-0.606510 0.944737
-0.636948 0.980815
-0.667684 1.016453
-0.698710 1.051644
-0.730017 1.086380
-0.761596 1.120655
-0.793439 1.154461
-0.825536 1.187791
-0.857880 1.220640
-0.890460 1.253000
-0.923269 1.284864
-0.956295 1.316228
-0.989531 1.347084
-1.022967 1.377427
-1.056594 1.407251
-1.090401 1.436550
-1.124379 1.465320
-1.158519 1.493554
-1.192810 1.521248
-1.227244 1.548396
-1.261809 1.574995
-1.296496 1.601039
-1.331295 1.626525
-1.366195 1.651447
-1.401188 1.675802
-1.436261 1.699586
-1.471406 1.722795
-1.506611 1.745426
-1.541867 1.767475
-1.577162 1.788940
-1.612488 1.809817
-1.647832 1.830103
-1.683185 1.849796
-1.718535 1.868894
-1.753874 1.887393
-1.789189 1.905293
-1.824470 1.922591
-1.859707 1.939285
-1.894889 1.955375
-1.930006 1.970858
-1.965046 1.985733
-2.000000 2.000000
-2.034856 2.013658
-2.069604 2.026706
-2.104233 2.039144
-2.138733 2.050972
-2.173093 2.062189
-2.207303 2.072796
-2.241351 2.082792
-2.275228 2.092180
-2.308922 2.100958
-2.342424 2.109129
-2.375723 2.116693
-2.408809 2.123651
-2.441671 2.130006
-2.474299 2.135758
-2.506682 2.140909
-2.538810 2.145462
-2.570674 2.149418
-2.602263 2.152780
-2.633567 2.155550
-2.664576 2.157732
-2.695280 2.159327
-2.725670 2.160340
-2.755735 2.160773
-2.785465 2.160629
-2.814852 2.159912
-2.843885 2.158627
-2.872555 2.156776
-2.900853 2.154364
-2.928770 2.151396
-2.956295 2.147875
-2.983421 2.143806
-3.010137 2.139194
-3.036436 2.134043
-3.062308 2.128360
-3.087744 2.122148
-3.112737 2.115414
-3.137277 2.108163
-3.161356 2.100400
-3.184966 2.092132
-3.208098 2.083364
-3.230746 2.074103
-3.252900 2.064354
-3.274553 2.054124
-3.295698 2.043420
-3.316326 2.032248
-3.336431 2.020615
-3.356006 2.008529
-3.375042 1.995995
-3.393534 1.983022
-3.411474 1.969616
-3.428856 1.955785
-3.445673 1.941537
-3.461918 1.926880
-3.477587 1.911820
-3.492672 1.896367
-3.507167 1.880527
-3.521067 1.864310
-3.534367 1.847723
-3.547060 1.830775
-3.559142 1.813474
-3.570607 1.795829
-3.581450 1.777848
-3.591667 1.759540
-3.601253 1.740914
-3.610203 1.721979
-3.618514 1.702744
-3.626181 1.683218
-3.633200 1.663409
-3.639568 1.643328
-3.645280 1.622984
-3.650334 1.602385
-3.654726 1.581542
-3.658453 1.560463
-3.661513 1.539159
-3.663902 1.517639
-3.665619 1.495912
-3.666660 1.473988
-3.667023 1.451878
-3.666708 1.429590
-3.665711 1.407135
-3.664032 1.384523
-3.661669 1.361763
-3.658621 1.338866
-3.654886 1.315840
-3.650464 1.292698
-3.645355 1.269447
-3.639557 1.246099
-3.633071 1.222664
-3.625897 1.199151
-3.618034 1.175571
-3.609483 1.151933
-3.600244 1.128249
-3.590319 1.104527
-3.579707 1.080778
-3.568411 1.057012
-3.556430 1.033239
-3.543768 1.009469
-3.530425 0.985713
-3.516403 0.961979
-3.501704 0.938279
-3.486331 0.914622
-3.470285 0.891018
-3.453570 0.867477
-3.436187 0.844009
-3.418141 0.820623
-3.399434 0.797330
-3.380069 0.774140
-3.360050 0.751061
-3.339381 0.728103
-3.318065 0.705277
-3.296106 0.682591
-3.273509 0.660056
-3.250278 0.637680
-3.226417 0.615472
-3.201932 0.593443
-3.176827 0.571602
-3.151107 0.549957
-3.124777 0.528517
-3.097844 0.507292
-3.070312 0.486290
-3.042187 0.465520
-3.013475 0.444992
-2.984182 0.424712
-2.954315 0.404691
-2.923879 0.384936
-2.892882 0.365456
-2.861329 0.346259
-2.829229 0.327353
-2.796587 0.308746
-2.763411 0.290447
-2.729709 0.272462
-2.695487 0.254799
-2.660754 0.237466
-2.625517 0.220471
-2.589784 0.203821
-2.553562 0.187522
-2.516861 0.171583
-2.479688 0.156009
-2.442052 0.140808
-2.403961 0.125987
-2.365423 0.111551
-2.326449 0.097507
-2.287046 0.083862
-2.247224 0.070622
-2.206991 0.057792
-2.166357 0.045379
-2.125332 0.033388
-2.083924 0.021824
-2.042143 0.010693
-2.000000 0.000000
-1.957503 -0.010249
-1.914662 -0.020051
-1.871488 -0.029399
-1.827990 -0.038291
-1.784179 -0.046720
-1.740065 -0.054684
-1.695658 -0.062177
-1.650968 -0.069196
-1.606006 -0.075737
-1.560782 -0.081797
-1.515307 -0.087372
-1.469592 -0.092459
-1.423647 -0.097054
-1.377483 -0.101156
-1.331111 -0.104761
-1.284541 -0.107866
-1.237785 -0.110469
-1.190854 -0.112569
-1.143758 -0.114162
-1.096509 -0.115248
-1.049118 -0.115824
-1.001595 -0.115888
-0.953952 -0.115441
-0.906201 -0.114480
-0.858351 -0.113004
-0.810416 -0.111013
-0.762405 -0.108506
-0.714330 -0.105483
-0.666202 -0.101943
-0.618034 -0.097887
-0.569834 -0.093314
-0.521617 -0.088225
-0.473391 -0.082620
-0.425169 -0.076500
-0.376963 -0.069866
-0.328782 -0.062719
-0.280639 -0.055059
-0.232545 -0.046889
-0.184510 -0.038210
-0.136547 -0.029024
-0.088666 -0.019332
-0.040878 -0.009137
0.006806 0.001559
0.054374 0.012753
0.101815 0.024444
0.149119 0.036627
0.196275 0.049301
0.243272 0.062462
0.290099 0.076106
0.336744 0.090230
0.383199 0.104831
0.429451 0.119905
0.475491 0.135447
0.521308 0.151454
0.566891 0.167921
0.612230 0.184843
0.657315 0.202216
0.702136 0.220036
0.746682 0.238296
0.790944 0.256993
0.834911 0.276120
0.878574 0.295673
0.921923 0.315645
0.964948 0.336030
1.007640 0.356824
1.049990 0.378020
1.091988 0.399611
1.133624 0.421591
1.174890 0.443954
1.215777 0.466693
1.256275 0.489801
1.296377 0.513272
1.336073 0.537098
1.375355 0.561272
1.414214 0.585786
1.452643 0.610635
1.490632 0.635808
1.528175 0.661300
1.565263 0.687102
1.601888 0.713206
1.638044 0.739605
1.673722 0.766289
1.708915 0.793251
1.743616 0.820483
1.777818 0.847975
1.811514 0.875720
1.844697 0.903708
1.877362 0.931930
1.909501 0.960379
1.941108 0.989044
1.972178 1.017917
2.002704 1.046988
2.032680 1.076248
2.062101 1.105689
2.090962 1.135300
2.119257 1.165071
2.146982 1.194994
2.174131 1.225059
2.200699 1.255256
2.226682 1.285575
2.252076 1.316007
2.276876 1.346540
2.301079 1.377167
2.324680 1.407876
2.347676 1.438657
2.370063 1.469501
2.391838 1.500396
2.412997 1.531334
2.433539 1.562304
2.453460 1.593295
2.472757 1.624297
2.491428 1.655300
2.509471 1.686294
2.526884 1.717268
2.543665 1.748212
2.559812 1.779115
2.575323 1.809967
2.590198 1.840758
2.604436 1.871476
2.618034 1.902113
