6.000000 0.000000
5.999379 0.020942
5.997515 0.041871
5.994408 0.062776
5.990061 0.083642
5.984473 0.104459
5.977646 0.125214
5.969582 0.145893
5.960283 0.166486
5.949751 0.186978
5.937989 0.207359
5.925000 0.227616
5.910787 0.247735
5.895354 0.267706
5.878704 0.287517
5.860842 0.307154
5.841773 0.326606
5.821501 0.345861
5.800031 0.364907
5.777369 0.383732
5.753521 0.402325
5.728492 0.420674
5.702288 0.438767
5.674917 0.456593
5.646386 0.474140
5.616701 0.491398
5.585870 0.508354
5.553901 0.524998
5.520801 0.541319
5.486580 0.557306
5.451246 0.572949
5.414807 0.588236
5.377273 0.603158
5.338654 0.617703
5.298959 0.631863
5.258197 0.645625
5.216380 0.658982
5.173518 0.671923
5.129622 0.684438
5.084702 0.696517
5.038770 0.708153
4.991837 0.719335
4.943916 0.730054
4.895017 0.740302
4.845155 0.750070
4.794340 0.759349
4.742586 0.768131
4.689905 0.776409
4.636312 0.784173
4.581818 0.791417
4.526439 0.798133
4.470187 0.804314
4.413077 0.809951
4.355123 0.815039
4.296339 0.819571
4.236741 0.823539
4.176342 0.826938
4.115159 0.829762
4.053205 0.832004
3.990498 0.833658
3.927051 0.834720
3.862881 0.835184
3.798004 0.835045
3.732436 0.834298
3.666194 0.832939
3.599293 0.830962
3.531750 0.828364
3.463581 0.825141
3.394805 0.821290
3.325437 0.816806
3.255495 0.811686
3.184996 0.805928
3.113957 0.799528
3.042396 0.792485
2.970330 0.784795
2.897777 0.776457
2.824756 0.767469
2.751283 0.757829
2.677376 0.747537
2.603055 0.736590
2.528336 0.724989
2.453239 0.712732
2.377781 0.699819
2.301981 0.686250
2.225857 0.672026
2.149428 0.657146
2.072713 0.641612
1.995729 0.625424
1.918496 0.608583
1.841032 0.591091
1.763356 0.572949
1.685486 0.554160
1.607442 0.534725
1.529242 0.514647
1.450905 0.493928
1.372450 0.472572
1.293895 0.450582
1.215259 0.427960
1.136562 0.404711
1.057821 0.380839
0.979055 0.356347
0.900284 0.331240
0.821526 0.305523
0.742799 0.279200
0.664122 0.252276
0.585514 0.224758
0.506993 0.196650
0.428578 0.167958
0.350287 0.138688
0.272138 0.108847
0.194149 0.078441
0.116340 0.047477
0.038727 0.015962
-0.038671 -0.016097
-0.115836 -0.048693
-0.192751 -0.081818
-0.269397 -0.115464
-0.345758 -0.149623
-0.421815 -0.184286
-0.497551 -0.219446
-0.572949 -0.255093
-0.647992 -0.291219
-0.722663 -0.327814
-0.796944 -0.364869
-0.870819 -0.402375
-0.944272 -0.440321
-1.017286 -0.478699
-1.089845 -0.517496
-1.161932 -0.556704
-1.233532 -0.596312
-1.304628 -0.636310
-1.375205 -0.676685
-1.445248 -0.717427
-1.514741 -0.758526
-1.583669 -0.799969
-1.652017 -0.841745
-1.719770 -0.883842
-1.786915 -0.926248
-1.853435 -0.968952
-1.919317 -1.011941
-1.984548 -1.055203
-2.049113 -1.098725
-2.112999 -1.142494
-2.176192 -1.186498
-2.238680 -1.230724
-2.300448 -1.275159
-2.361486 -1.319790
-2.421780 -1.364603
-2.481317 -1.409584
-2.540087 -1.454721
-2.598076 -1.500000
-2.655275 -1.545407
-2.711670 -1.590927
-2.767252 -1.636548
-2.822009 -1.682255
-2.875931 -1.728034
-2.929008 -1.773870
-2.981229 -1.819750
-3.032585 -1.865659
-3.083066 -1.911582
-3.132663 -1.957505
-3.181367 -2.003414
-3.229169 -2.049293
-3.276061 -2.095128
-3.322034 -2.140905
-3.367081 -2.186608
-3.411194 -2.232222
-3.454365 -2.277734
-3.496587 -2.323127
-3.537854 -2.368386
-3.578159 -2.413498
-3.617495 -2.458447
-3.655857 -2.503217
-3.693239 -2.547795
-3.729636 -2.592164
-3.765041 -2.636310
-3.799452 -2.680218
-3.832862 -2.723873
-3.865268 -2.767260
-3.896666 -2.810364
-3.927051 -2.853169
-3.956421 -2.895662
-3.984773 -2.937828
-4.012103 -2.979650
-4.038409 -3.021115
-4.063688 -3.062208
-4.087940 -3.102915
-4.111161 -3.143220
-4.133351 -3.183109
-4.154509 -3.222567
-4.174633 -3.261581
-4.193724 -3.300135
-4.211781 -3.338216
-4.228804 -3.375809
-4.244793 -3.412901
-4.259749 -3.449477
-4.273673 -3.485523
-4.286567 -3.521025
-4.298431 -3.555971
-4.309267 -3.590346
-4.319078 -3.624137
-4.327866 -3.657330
-4.335633 -3.689912
-4.342382 -3.721871
-4.348117 -3.753194
-4.352841 -3.783866
-4.356557 -3.813877
-4.359270 -3.843213
-4.360984 -3.871862
-4.361703 -3.899812
-4.361432 -3.927051
-4.360177 -3.953566
-4.357942 -3.979347
-4.354733 -4.004382
-4.350556 -4.028659
-4.345418 -4.052167
-4.339323 -4.074895
-4.332280 -4.096833
-4.324294 -4.117969
-4.315374 -4.138294
-4.305525 -4.157797
-4.294757 -4.176468
-4.283076 -4.194298
-4.270491 -4.211276
-4.257010 -4.227393
-4.242641 -4.242640
-4.227393 -4.257009
-4.211276 -4.270490
-4.194298 -4.283076
-4.176469 -4.294756
-4.157797 -4.305525
-4.138295 -4.315373
-4.117970 -4.324294
-4.096833 -4.332279
-4.074896 -4.339323
-4.052167 -4.345417
-4.028659 -4.350556
-4.004382 -4.354733
-3.979348 -4.357941
-3.953567 -4.360176
-3.927051 -4.361432
-3.899812 -4.361702
-3.871862 -4.360983
-3.843213 -4.359269
-3.813877 -4.356557
-3.783867 -4.352840
-3.753194 -4.348116
-3.721872 -4.342382
-3.689913 -4.335632
-3.657330 -4.327865
-3.624137 -4.319078
-3.590346 -4.309267
-3.555971 -4.298430
-3.521026 -4.286566
-3.485523 -4.273673
-3.449477 -4.259749
-3.412901 -4.244792
-3.375810 -4.228803
-3.338216 -4.211780
-3.300135 -4.193724
-3.261581 -4.174633
-3.222567 -4.154508
-3.183109 -4.133351
-3.143220 -4.111161
-3.102915 -4.087939
-3.062209 -4.063688
-3.021116 -4.038408
-2.979650 -4.012102
-2.937828 -3.984772
-2.895663 -3.956421
-2.853170 -3.927051
-2.810364 -3.896665
-2.767260 -3.865268
-2.723873 -3.832862
-2.680218 -3.799451
-2.636310 -3.765041
-2.592164 -3.729635
-2.547795 -3.693238
-2.503217 -3.655856
-2.458447 -3.617494
-2.413498 -3.578158
-2.368387 -3.537853
-2.323127 -3.496586
-2.277734 -3.454364
-2.232222 -3.411193
-2.186608 -3.367081
-2.140905 -3.322034
-2.095128 -3.276061
-2.049293 -3.229169
-2.003414 -3.181367
-1.957505 -3.132663
-1.911582 -3.083066
-1.865659 -3.032585
-1.819750 -2.981229
-1.773870 -2.929008
-1.728034 -2.875931
-1.682255 -2.822009
-1.636548 -2.767251
-1.590927 -2.711670
-1.545407 -2.655274
-1.500000 -2.598076
-1.454721 -2.540086
-1.409584 -2.481317
-1.364603 -2.421779
-1.319790 -2.361485
-1.275159 -2.300448
-1.230724 -2.238679
-1.186498 -2.176192
-1.142494 -2.112998
-1.098725 -2.049113
-1.055203 -1.984548
-1.011941 -1.919317
-0.968952 -1.853434
-0.926248 -1.786914
-0.883842 -1.719770
-0.841745 -1.652017
-0.799969 -1.583668
-0.758526 -1.514740
-0.717427 -1.445247
-0.676685 -1.375205
-0.636309 -1.304627
-0.596312 -1.233531
-0.556704 -1.161931
-0.517496 -1.089844
-0.478698 -1.017286
-0.440321 -0.944272
-0.402375 -0.870819
-0.364869 -0.796943
-0.327814 -0.722662
-0.291219 -0.647991
-0.255093 -0.572949
-0.219446 -0.497551
-0.184286 -0.421814
-0.149623 -0.345757
-0.115464 -0.269397
-0.081818 -0.192751
-0.048693 -0.115836
-0.016097 -0.038671
0.015962 0.038727
0.047478 0.116340
0.078442 0.194150
0.108848 0.272138
0.138689 0.350287
0.167958 0.428579
0.196650 0.506994
0.224758 0.585515
0.252277 0.664123
0.279200 0.742800
0.305523 0.821526
0.331240 0.900285
0.356347 0.979056
0.380839 1.057821
0.404712 1.136562
0.427961 1.215260
0.450582 1.293895
0.472573 1.372450
0.493929 1.450906
0.514647 1.529243
0.534725 1.607443
0.554160 1.685487
0.572949 1.763356
0.591091 1.841032
0.608583 1.918496
0.625424 1.995729
0.641612 2.072713
0.657146 2.149429
0.672026 2.225858
0.686251 2.301981
0.699819 2.377781
0.712732 2.453239
0.724989 2.528337
0.736591 2.603055
0.747537 2.677377
0.757830 2.751283
0.767469 2.824756
0.776457 2.897778
0.784795 2.970330
0.792485 3.042396
0.799529 3.113957
0.805928 3.184996
0.811686 3.255495
0.816806 3.325437
0.821290 3.394805
0.825142 3.463582
0.828365 3.531750
0.830963 3.599293
0.832939 3.666194
0.834299 3.732437
0.835046 3.798005
0.835185 3.862882
0.834721 3.927051
0.833659 3.990498
0.832004 4.053206
0.829762 4.115159
0.826938 4.176343
0.823539 4.236741
0.819571 4.296340
0.815040 4.355123
0.809952 4.413077
0.804314 4.470188
0.798134 4.526439
0.791418 4.581819
0.784174 4.636312
0.776409 4.689906
0.768132 4.742586
0.759349 4.794340
0.750070 4.845155
0.740302 4.895018
0.730054 4.943916
0.719335 4.991837
0.708153 5.038770
0.696518 5.084702
0.684438 5.129622
0.671923 5.173518
0.658983 5.216381
0.645626 5.258198
0.631863 5.298959
0.617704 5.338654
0.603158 5.377274
0.588237 5.414807
0.572950 5.451246
0.557307 5.486580
0.541320 5.520801
0.524999 5.553901
0.508354 5.585870
0.491398 5.616701
0.474141 5.646386
0.456594 5.674918
0.438768 5.702288
0.420675 5.728492
0.402326 5.753521
0.383733 5.777369
0.364908 5.800031
0.345861 5.821501
0.326606 5.841773
0.307154 5.860843
0.287517 5.878704
0.267707 5.895354
0.247736 5.910787
0.227616 5.925000
0.207360 5.937989
0.186979 5.949751
0.166486 5.960283
0.145894 5.969582
0.125214 5.977646
0.104460 5.984473
0.083643 5.990061
0.062776 5.994408
0.041872 5.997515
0.020942 5.999379
0.000001 6.000000
-0.020941 5.999379
-0.041871 5.997515
-0.062775 5.994408
-0.083642 5.990061
-0.104459 5.984473
-0.125213 5.977646
-0.145893 5.969582
-0.166485 5.960283
-0.186978 5.949751
-0.207359 5.937989
-0.227615 5.925000
-0.247735 5.910787
-0.267706 5.895354
-0.287516 5.878704
-0.307153 5.860842
-0.326605 5.841773
-0.345860 5.821501
-0.364906 5.800031
-0.383732 5.777369
-0.402325 5.753521
-0.420674 5.728491
-0.438767 5.702288
-0.456592 5.674917
-0.474140 5.646386
-0.491397 5.616701
-0.508353 5.585870
-0.524998 5.553900
-0.541319 5.520801
-0.557306 5.486580
-0.572948 5.451246
-0.588236 5.414807
-0.603157 5.377273
-0.617703 5.338654
-0.631862 5.298958
-0.645625 5.258197
-0.658982 5.216380
-0.671922 5.173518
-0.684437 5.129621
-0.696517 5.084702
-0.708152 5.038769
-0.719334 4.991837
-0.730053 4.943915
-0.740301 4.895017
-0.750069 4.845154
-0.759348 4.794340
-0.768131 4.742586
-0.776408 4.689905
-0.784173 4.636312
-0.791417 4.581818
-0.798133 4.526439
-0.804313 4.470187
-0.809951 4.413077
-0.815039 4.355123
-0.819570 4.296339
-0.823538 4.236741
-0.826938 4.176342
-0.829761 4.115158
-0.832003 4.053205
-0.833658 3.990497
-0.834720 3.927051
-0.835184 3.862881
-0.835045 3.798004
-0.834298 3.732436
-0.832938 3.666193
-0.830962 3.599292
-0.828364 3.531749
-0.825141 3.463581
-0.821289 3.394805
-0.816805 3.325437
-0.811686 3.255494
-0.805927 3.184995
-0.799528 3.113956
-0.792484 3.042395
-0.784795 2.970330
-0.776457 2.897777
-0.767469 2.824755
-0.757829 2.751282
-0.747536 2.677376
-0.736590 2.603054
-0.724988 2.528336
-0.712731 2.453238
-0.699819 2.377781
-0.686250 2.301981
-0.672026 2.225857
-0.657146 2.149428
-0.641611 2.072712
-0.625423 1.995728
-0.608582 1.918495
-0.591090 1.841031
-0.572949 1.763355
-0.554159 1.685486
-0.534724 1.607442
-0.514647 1.529242
-0.493928 1.450905
-0.472572 1.372449
-0.450582 1.293894
-0.427960 1.215259
-0.404711 1.136561
-0.380839 1.057820
-0.356347 0.979055
-0.331240 0.900284
-0.305522 0.821525
-0.279200 0.742799
-0.252276 0.664122
-0.224758 0.585514
-0.196649 0.506993
-0.167958 0.428578
-0.138688 0.350286
-0.108847 0.272137
-0.078441 0.194149
-0.047477 0.116339
-0.015962 0.038726
0.016097 -0.038672
0.048693 -0.115837
0.081818 -0.192752
0.115464 -0.269398
0.149623 -0.345758
0.184287 -0.421815
0.219446 -0.497552
0.255094 -0.572950
0.291219 -0.647993
0.327814 -0.722663
0.364870 -0.796944
0.402375 -0.870820
0.440322 -0.944273
0.478699 -1.017287
0.517496 -1.089845
0.556705 -1.161933
0.596313 -1.233532
0.636310 -1.304628
0.676685 -1.375206
0.717427 -1.445249
0.758526 -1.514742
0.799969 -1.583670
0.841745 -1.652018
0.883842 -1.719771
0.926249 -1.786915
0.968952 -1.853436
1.011941 -1.919318
1.055203 -1.984549
1.098725 -2.049114
1.142494 -2.112999
1.186498 -2.176193
1.230724 -2.238680
1.275159 -2.300449
1.319790 -2.361486
1.364603 -2.421780
1.409584 -2.481318
1.454721 -2.540087
1.500000 -2.598077
1.545407 -2.655275
1.590927 -2.711671
1.636548 -2.767253
1.682255 -2.822010
1.728034 -2.875932
1.773870 -2.929009
1.819750 -2.981230
1.865659 -3.032586
1.911582 -3.083067
1.957505 -3.132664
2.003414 -3.181368
2.049293 -3.229170
2.095128 -3.276062
2.140905 -3.322035
2.186608 -3.367082
2.232222 -3.411194
2.277734 -3.454365
2.323127 -3.496588
2.368386 -3.537854
2.413498 -3.578159
2.458447 -3.617496
2.503217 -3.655858
2.547795 -3.693240
2.592164 -3.729636
2.636310 -3.765042
2.680218 -3.799452
2.723873 -3.832863
2.767260 -3.865269
2.810364 -3.896666
2.853169 -3.927052
2.895662 -3.956422
2.937827 -3.984773
2.979650 -4.012103
3.021115 -4.038409
3.062208 -4.063689
3.102915 -4.087940
3.143219 -4.111162
3.183108 -4.133352
3.222567 -4.154509
3.261581 -4.174634
3.300135 -4.193725
3.338216 -4.211781
3.375809 -4.228804
3.412901 -4.244793
3.449476 -4.259750
3.485522 -4.273674
3.521025 -4.286567
3.555971 -4.298431
3.590345 -4.309268
3.624136 -4.319079
3.657330 -4.327866
3.689912 -4.335633
3.721871 -4.342383
3.753193 -4.348117
3.783866 -4.352841
3.813877 -4.356557
3.843213 -4.359270
3.871862 -4.360984
3.899812 -4.361703
3.927050 -4.361433
3.953566 -4.360177
3.979347 -4.357942
4.004382 -4.354734
4.028659 -4.350557
4.052167 -4.345418
4.074895 -4.339324
4.096833 -4.332280
4.117969 -4.324295
4.138294 -4.315374
4.157797 -4.305526
4.176468 -4.294757
4.194297 -4.283076
4.211275 -4.270491
4.227393 -4.257010
4.242640 -4.242641
4.257009 -4.227394
4.270490 -4.211276
4.283075 -4.194298
4.294756 -4.176469
4.305525 -4.157798
4.315373 -4.138295
4.324293 -4.117970
4.332279 -4.096834
4.339322 -4.074896
4.345417 -4.052168
4.350555 -4.028660
4.354732 -4.004383
4.357941 -3.979348
4.360176 -3.953567
4.361431 -3.927051
4.361702 -3.899813
4.360983 -3.871863
4.359269 -3.843214
4.356556 -3.813878
4.352840 -3.783867
4.348116 -3.753194
4.342381 -3.721872
4.335632 -3.689913
4.327865 -3.657330
4.319077 -3.624137
4.309266 -3.590346
4.298430 -3.555971
4.286566 -3.521026
4.273672 -3.485523
4.259748 -3.449477
4.244792 -3.412901
4.228803 -3.375810
4.211780 -3.338217
4.193723 -3.300136
4.174632 -3.261581
4.154508 -3.222568
4.133350 -3.183109
4.111160 -3.143220
4.087939 -3.102915
4.063687 -3.062209
4.038407 -3.021116
4.012102 -2.979650
3.984772 -2.937828
3.956420 -2.895663
3.927050 -2.853170
3.896665 -2.810364
3.865267 -2.767260
3.832861 -2.723873
3.799451 -2.680219
3.765040 -2.636310
3.729634 -2.592164
3.693238 -2.547795
3.655856 -2.503218
3.617494 -2.458447
3.578157 -2.413498
3.537853 -2.368387
3.496586 -2.323127
3.454364 -2.277734
3.411193 -2.232223
3.367080 -2.186608
3.322033 -2.140905
3.276060 -2.095129
3.229168 -2.049293
3.181366 -2.003414
3.132662 -1.957505
3.083065 -1.911582
3.032584 -1.865659
2.981228 -1.819750
2.929007 -1.773870
2.875930 -1.728034
2.822008 -1.682255
2.767251 -1.636548
2.711669 -1.590927
2.655274 -1.545407
2.598075 -1.500000
2.540086 -1.454721
2.481316 -1.409584
2.421778 -1.364603
2.361485 -1.319790
2.300447 -1.275159
2.238678 -1.230724
2.176191 -1.186498
2.112998 -1.142494
2.049112 -1.098725
1.984547 -1.055203
1.919316 -1.011941
1.853434 -0.968952
1.786913 -0.926248
1.719769 -0.883842
1.652016 -0.841745
1.583668 -0.799969
1.514740 -0.758526
1.445247 -0.717427
1.375204 -0.676685
1.304627 -0.636309
1.233531 -0.596312
1.161931 -0.556704
1.089844 -0.517496
1.017285 -0.478698
0.944271 -0.440321
0.870818 -0.402375
0.796943 -0.364869
0.722661 -0.327814
0.647991 -0.291219
0.572948 -0.255093
0.497550 -0.219446
0.421814 -0.184286
0.345757 -0.149622
0.269396 -0.115463
0.192750 -0.081818
0.115835 -0.048693
0.038670 -0.016097
-0.038728 0.015962
-0.116341 0.047478
-0.194150 0.078442
-0.272139 0.108848
-0.350288 0.138689
-0.428579 0.167958
-0.506994 0.196650
-0.585515 0.224758
-0.664123 0.252277
-0.742800 0.279200
-0.821527 0.305523
-0.900285 0.331241
-0.979056 0.356348
-1.057822 0.380839
-1.136563 0.404712
-1.215260 0.427961
-1.293896 0.450582
-1.372451 0.472573
-1.450906 0.493929
-1.529243 0.514647
-1.607443 0.534725
-1.685487 0.554160
-1.763357 0.572950
-1.841033 0.591091
-1.918497 0.608583
-1.995730 0.625424
-2.072714 0.641612
-2.149429 0.657147
-2.225858 0.672027
-2.301982 0.686251
-2.377782 0.699820
-2.453240 0.712732
-2.528337 0.724989
-2.603056 0.736591
-2.677377 0.747538
-2.751283 0.757830
-2.824756 0.767470
-2.897778 0.776458
-2.970331 0.784796
-3.042397 0.792485
-3.113958 0.799529
-3.184996 0.805929
-3.255496 0.811687
-3.325438 0.816806
-3.394806 0.821291
-3.463582 0.825142
-3.531750 0.828365
-3.599293 0.830963
-3.666194 0.832940
-3.732437 0.834299
-3.798005 0.835046
-3.862882 0.835185
-3.927052 0.834721
-3.990498 0.833659
-4.053206 0.832004
-4.115159 0.829762
-4.176343 0.826939
-4.236742 0.823540
-4.296340 0.819571
-4.355124 0.815040
-4.413078 0.809952
-4.470188 0.804315
-4.526440 0.798134
-4.581819 0.791418
-4.636312 0.784174
-4.689906 0.776410
-4.742586 0.768132
-4.794340 0.759350
-4.845155 0.750071
-4.895018 0.740303
-4.943916 0.730055
-4.991838 0.719336
-5.038770 0.708154
-5.084702 0.696518
-5.129622 0.684439
-5.173519 0.671924
-5.216381 0.658983
-5.258198 0.645626
-5.298959 0.631864
-5.338654 0.617704
-5.377274 0.603159
-5.414807 0.588237
-5.451246 0.572950
-5.486580 0.557308
-5.520802 0.541320
-5.553901 0.524999
-5.585870 0.508355
-5.616701 0.491399
-5.646386 0.474141
-5.674918 0.456594
-5.702289 0.438768
-5.728492 0.420675
-5.753521 0.402326
-5.777369 0.383734
-5.800032 0.364908
-5.821501 0.345862
-5.841773 0.326607
-5.860843 0.307155
-5.878704 0.287518
-5.895354 0.267708
-5.910787 0.247736
-5.925000 0.227617
-5.937989 0.207360
-5.949751 0.186980
-5.960283 0.166487
-5.969582 0.145895
-5.977646 0.125215
-5.984473 0.104460
-5.990061 0.083644
-5.994408 0.062777
-5.997515 0.041872
-5.999379 0.020943
-6.000000 0.000001
-5.999379 -0.020941
-5.997515 -0.041870
-5.994408 -0.062774
-5.990061 -0.083641
-5.984473 -0.104458
-5.977646 -0.125213
-5.969582 -0.145892
-5.960283 -0.166485
-5.949751 -0.186977
-5.937989 -0.207358
-5.925000 -0.227614
-5.910787 -0.247734
-5.895354 -0.267705
-5.878704 -0.287515
-5.860842 -0.307153
-5.841773 -0.326605
-5.821501 -0.345860
-5.800031 -0.364906
-5.777369 -0.383731
-5.753520 -0.402324
-5.728491 -0.420673
-5.702288 -0.438766
-5.674917 -0.456592
-5.646386 -0.474139
-5.616701 -0.491397
-5.585870 -0.508353
-5.553900 -0.524997
-5.520801 -0.541318
-5.486580 -0.557305
-5.451245 -0.572948
-5.414807 -0.588235
-5.377273 -0.603157
-5.338654 -0.617702
-5.298958 -0.631861
-5.258197 -0.645624
-5.216380 -0.658981
-5.173518 -0.671922
-5.129621 -0.684437
-5.084701 -0.696516
-5.038769 -0.708152
-4.991837 -0.719334
-4.943915 -0.730053
-4.895017 -0.740301
-4.845154 -0.750069
-4.794339 -0.759348
-4.742585 -0.768130
-4.689905 -0.776408
-4.636311 -0.784172
-4.581818 -0.791416
-4.526438 -0.798132
-4.470187 -0.804313
-4.413077 -0.809950
-4.355123 -0.815038
-4.296339 -0.819570
-4.236740 -0.823538
-4.176342 -0.826937
-4.115158 -0.829761
-4.053205 -0.832003
-3.990497 -0.833657
-3.927050 -0.834719
-3.862881 -0.835184
-3.798004 -0.835044
-3.732436 -0.834297
-3.666193 -0.832938
-3.599292 -0.830961
-3.531749 -0.828363
-3.463581 -0.825141
-3.394804 -0.821289
-3.325436 -0.816805
-3.255494 -0.811685
-3.184995 -0.805927
-3.113956 -0.799527
-3.042395 -0.792484
-2.970329 -0.784794
-2.897777 -0.776456
-2.824755 -0.767468
-2.751282 -0.757829
-2.677376 -0.747536
-2.603054 -0.736589
-2.528335 -0.724988
-2.453238 -0.712731
-2.377780 -0.699818
-2.301980 -0.686250
-2.225856 -0.672025
-2.149427 -0.657145
-2.072712 -0.641611
-1.995728 -0.625423
-1.918495 -0.608582
-1.841031 -0.591090
-1.763355 -0.572948
-1.685485 -0.554159
-1.607441 -0.534724
-1.529241 -0.514646
-1.450904 -0.493928
-1.372449 -0.472572
-1.293894 -0.450581
-1.215258 -0.427960
-1.136561 -0.404711
-1.057820 -0.380838
-0.979054 -0.356346
-0.900283 -0.331240
-0.821525 -0.305522
-0.742798 -0.279199
-0.664121 -0.252276
-0.585513 -0.224757
-0.506992 -0.196649
-0.428577 -0.167957
-0.350286 -0.138688
-0.272137 -0.108847
-0.194148 -0.078441
-0.116339 -0.047477
-0.038726 -0.015962
0.038672 0.016098
0.115837 0.048694
0.192752 0.081818
0.269398 0.115464
0.345759 0.149623
0.421816 0.184287
0.497552 0.219447
0.572950 0.255094
0.647993 0.291219
0.722664 0.327815
0.796945 0.364870
0.870820 0.402375
0.944273 0.440322
1.017287 0.478699
1.089846 0.517497
1.161933 0.556705
1.233533 0.596313
1.304629 0.636310
1.375206 0.676685
1.445249 0.717428
1.514742 0.758526
1.583670 0.799969
1.652018 0.841745
1.719772 0.883842
1.786916 0.926249
1.853436 0.968952
1.919319 1.011941
1.984549 1.055203
2.049114 1.098725
2.113000 1.142494
2.176193 1.186498
2.238681 1.230725
2.300450 1.275159
2.361487 1.319790
2.421781 1.364603
2.481318 1.409584
2.540088 1.454721
2.598078 1.500000
2.655276 1.545407
2.711671 1.590927
2.767253 1.636548
2.822010 1.682255
2.875933 1.728034
2.929009 1.773870
2.981230 1.819750
3.032586 1.865659
3.083068 1.911582
3.132665 1.957505
3.181368 2.003414
3.229171 2.049293
3.276062 2.095128
3.322035 2.140905
3.367082 2.186608
3.411195 2.232222
3.454366 2.277733
3.496588 2.323126
3.537855 2.368386
3.578160 2.413498
3.617496 2.458447
3.655858 2.503217
3.693240 2.547794
3.729637 2.592164
3.765043 2.636310
3.799453 2.680218
3.832863 2.723873
3.865269 2.767260
3.896667 2.810363
3.927052 2.853169
3.956422 2.895662
3.984774 2.937827
4.012104 2.979650
4.038410 3.021115
4.063689 3.062208
4.087941 3.102914
4.111162 3.143219
4.133352 3.183108
4.154510 3.222567
4.174634 3.261580
4.193725 3.300135
4.211782 3.338216
4.228805 3.375809
4.244794 3.412900
4.259750 3.449476
4.273674 3.485522
4.286568 3.521025
4.298432 3.555970
4.309268 3.590345
4.319079 3.624136
4.327867 3.657329
4.335634 3.689912
4.342383 3.721871
4.348118 3.753193
4.352842 3.783866
4.356558 3.813876
4.359271 3.843212
4.360985 3.871862
4.361704 3.899811
4.361433 3.927050
4.360178 3.953566
4.357943 3.979347
4.354734 4.004381
4.350557 4.028658
4.345418 4.052166
4.339324 4.074895
4.332281 4.096832
4.324295 4.117969
4.315375 4.138293
4.305526 4.157796
4.294758 4.176467
4.283077 4.194297
4.270492 4.211275
4.257010 4.227392
4.242642 4.242640
4.227394 4.257008
4.211277 4.270490
4.194299 4.283075
4.176469 4.294756
4.157798 4.305524
4.138295 4.315372
4.117971 4.324293
4.096834 4.332279
4.074896 4.339322
4.052168 4.345416
4.028660 4.350555
4.004383 4.354732
3.979348 4.357941
3.953567 4.360175
3.927052 4.361431
3.899813 4.361701
3.871863 4.360982
3.843214 4.359269
3.813878 4.356556
3.783867 4.352839
3.753194 4.348116
3.721872 4.342381
3.689913 4.335631
3.657331 4.327864
3.624137 4.319077
3.590347 4.309266
3.555972 4.298429
3.521026 4.286565
3.485523 4.273672
3.449477 4.259748
3.412902 4.244791
3.375810 4.228802
3.338217 4.211779
3.300136 4.193723
3.261581 4.174632
3.222568 4.154507
3.183109 4.133350
3.143220 4.111159
3.102915 4.087938
3.062209 4.063687
3.021116 4.038407
2.979651 4.012101
2.937828 3.984771
2.895663 3.956420
2.853170 3.927050
2.810364 3.896664
2.767260 3.865266
2.723874 3.832861
2.680219 3.799450
2.636311 3.765040
2.592164 3.729634
2.547795 3.693237
2.503218 3.655855
2.458447 3.617493
2.413499 3.578157
2.368387 3.537852
2.323127 3.496585
2.277734 3.454363
2.232223 3.411192
2.186608 3.367079
2.140905 3.322033
2.095129 3.276060
2.049293 3.229168
2.003414 3.181366
1.957505 3.132662
1.911582 3.083065
1.865659 3.032584
1.819750 2.981228
1.773870 2.929006
1.728034 2.875930
1.682255 2.822008
1.636548 2.767250
1.590927 2.711669
1.545407 2.655273
1.500000 2.598075
1.454721 2.540085
1.409584 2.481316
1.364603 2.421778
1.319790 2.361484
1.275159 2.300447
1.230724 2.238678
1.186498 2.176190
1.142494 2.112997
1.098725 2.049111
1.055203 1.984546
1.011941 1.919316
0.968952 1.853433
0.926248 1.786913
0.883842 1.719769
0.841744 1.652015
0.799968 1.583667
0.758525 1.514739
0.717427 1.445246
0.676684 1.375204
0.636309 1.304626
0.596312 1.233530
0.556704 1.161930
0.517496 1.089843
0.478698 1.017285
0.440321 0.944271
0.402375 0.870818
0.364869 0.796942
0.327814 0.722661
0.291219 0.647990
0.255093 0.572948
0.219446 0.497549
0.184286 0.421813
0.149622 0.345756
0.115463 0.269396
0.081817 0.192749
0.048693 0.115835
0.016097 0.038670
-0.015963 -0.038728
-0.047478 -0.116341
-0.078442 -0.194151
-0.108848 -0.272139
-0.138689 -0.350288
-0.167959 -0.428580
-0.196650 -0.506995
-0.224759 -0.585516
-0.252277 -0.664124
-0.279201 -0.742801
-0.305524 -0.821527
-0.331241 -0.900286
-0.356348 -0.979057
-0.380840 -1.057822
-0.404712 -1.136563
-0.427961 -1.215261
-0.450583 -1.293896
-0.472573 -1.372451
-0.493929 -1.450907
-0.514648 -1.529244
-0.534726 -1.607444
-0.554161 -1.685488
-0.572950 -1.763357
-0.591092 -1.841033
-0.608584 -1.918497
-0.625425 -1.995730
-0.641613 -2.072714
-0.657147 -2.149430
-0.672027 -2.225859
-0.686251 -2.301982
-0.699820 -2.377782
-0.712733 -2.453240
-0.724990 -2.528338
-0.736591 -2.603056
-0.747538 -2.677378
-0.757831 -2.751284
-0.767470 -2.824757
-0.776458 -2.897779
-0.784796 -2.970331
-0.792486 -3.042397
-0.799529 -3.113958
-0.805929 -3.184997
-0.811687 -3.255496
-0.816807 -3.325438
-0.821291 -3.394806
-0.825143 -3.463583
-0.828366 -3.531751
-0.830963 -3.599294
-0.832940 -3.666195
-0.834300 -3.732438
-0.835047 -3.798005
-0.835186 -3.862882
-0.834722 -3.927052
-0.833660 -3.990499
-0.832005 -4.053206
-0.829763 -4.115160
-0.826939 -4.176343
-0.823540 -4.236742
-0.819572 -4.296340
-0.815041 -4.355124
-0.809953 -4.413078
-0.804315 -4.470188
-0.798135 -4.526440
-0.791419 -4.581819
-0.784175 -4.636313
-0.776410 -4.689906
-0.768133 -4.742587
-0.759350 -4.794341
-0.750071 -4.845155
-0.740303 -4.895018
-0.730055 -4.943916
-0.719336 -4.991838
-0.708154 -5.038770
-0.696519 -5.084702
-0.684439 -5.129622
-0.671924 -5.173519
-0.658984 -5.216381
-0.645627 -5.258198
-0.631864 -5.298959
-0.617705 -5.338655
-0.603159 -5.377274
-0.588238 -5.414808
-0.572951 -5.451246
-0.557308 -5.486581
-0.541321 -5.520802
-0.525000 -5.553901
-0.508356 -5.585870
-0.491399 -5.616701
-0.474142 -5.646386
-0.456595 -5.674918
-0.438769 -5.702289
-0.420676 -5.728492
-0.402327 -5.753521
-0.383734 -5.777370
-0.364909 -5.800032
-0.345863 -5.821501
-0.326607 -5.841773
-0.307155 -5.860843
-0.287518 -5.878704
-0.267708 -5.895354
-0.247737 -5.910787
-0.227617 -5.925000
-0.207361 -5.937989
-0.186980 -5.949751
-0.166487 -5.960283
-0.145895 -5.969582
-0.125216 -5.977646
-0.104461 -5.984473
-0.083644 -5.990061
-0.062777 -5.994408
-0.041873 -5.997515
-0.020944 -5.999379
-0.000002 -6.000000
0.020940 -5.999379
0.041870 -5.997514
0.062774 -5.994408
0.083641 -5.990061
0.104458 -5.984473
0.125212 -5.977646
0.145892 -5.969582
0.166484 -5.960283
0.186977 -5.949751
0.207357 -5.937989
0.227614 -5.925000
0.247734 -5.910787
0.267705 -5.895353
0.287515 -5.878704
0.307152 -5.860842
0.326604 -5.841773
0.345859 -5.821501
0.364905 -5.800031
0.383731 -5.777369
0.402324 -5.753520
0.420672 -5.728491
0.438766 -5.702288
0.456591 -5.674917
0.474139 -5.646385
0.491396 -5.616700
0.508352 -5.585869
0.524997 -5.553900
0.541318 -5.520801
0.557305 -5.486580
0.572947 -5.451245
0.588235 -5.414807
0.603156 -5.377273
0.617702 -5.338653
0.631861 -5.298958
0.645624 -5.258197
0.658980 -5.216380
0.671921 -5.173518
0.684436 -5.129621
0.696516 -5.084701
0.708151 -5.038769
0.719333 -4.991836
0.730052 -4.943915
0.740300 -4.895017
0.750068 -4.845154
0.759347 -4.794339
0.768130 -4.742585
0.776407 -4.689905
0.784172 -4.636311
0.791416 -4.581818
0.798132 -4.526438
0.804312 -4.470186
0.809950 -4.413076
0.815038 -4.355122
0.819569 -4.296339
0.823538 -4.236740
0.826937 -4.176341
0.829760 -4.115158
0.832002 -4.053204
0.833657 -3.990497
0.834719 -3.927050
0.835183 -3.862880
0.835044 -3.798003
0.834297 -3.732435
0.832937 -3.666193
0.830961 -3.599292
0.828363 -3.531749
0.825140 -3.463580
0.821288 -3.394804
0.816804 -3.325436
0.811685 -3.255494
0.805927 -3.184995
0.799527 -3.113956
0.792483 -3.042395
0.784794 -2.970329
0.776456 -2.897776
0.767468 -2.824754
0.757828 -2.751281
0.747536 -2.677375
0.736589 -2.603054
0.724988 -2.528335
0.712731 -2.453238
0.699818 -2.377780
0.686249 -2.301980
0.672025 -2.225856
0.657145 -2.149427
0.641611 -2.072711
0.625422 -1.995728
0.608582 -1.918494
0.591090 -1.841030
0.572948 -1.763354
0.554159 -1.685485
0.534724 -1.607441
0.514646 -1.529241
0.493927 -1.450904
0.472571 -1.372448
0.450581 -1.293893
0.427959 -1.215258
0.404710 -1.136560
0.380838 -1.057819
0.356346 -0.979054
0.331239 -0.900283
0.305522 -0.821524
0.279199 -0.742798
0.252276 -0.664121
0.224757 -0.585513
0.196649 -0.506992
0.167957 -0.428577
0.138688 -0.350285
0.108847 -0.272136
0.078441 -0.194148
0.047477 -0.116338
0.015961 -0.038725
-0.016098 0.038673
-0.048694 0.115838
-0.081819 0.192753
-0.115464 0.269399
-0.149623 0.345759
-0.184287 0.421816
-0.219447 0.497553
-0.255094 0.572951
-0.291220 0.647994
-0.327815 0.722664
-0.364870 0.796946
-0.402375 0.870821
-0.440322 0.944274
-0.478699 1.017288
-0.517497 1.089846
-0.556705 1.161934
-0.596313 1.233533
-0.636310 1.304630
-0.676685 1.375207
-0.717428 1.445250
-0.758526 1.514743
-0.799969 1.583671
-0.841745 1.652019
-0.883842 1.719772
-0.926249 1.786916
-0.968953 1.853437
-1.011941 1.919319
-1.055203 1.984550
-1.098725 2.049115
-1.142494 2.113001
-1.186498 2.176194
-1.230725 2.238681
-1.275159 2.300450
-1.319790 2.361488
-1.364603 2.421781
-1.409584 2.481319
-1.454721 2.540088
-1.500000 2.598078
-1.545407 2.655276
-1.590927 2.711672
-1.636548 2.767254
-1.682255 2.822011
-1.728034 2.875933
-1.773870 2.929010
-1.819750 2.981231
-1.865659 3.032587
-1.911582 3.083068
-1.957505 3.132665
-2.003414 3.181369
-2.049293 3.229171
-2.095128 3.276063
-2.140905 3.322036
-2.186608 3.367083
-2.232222 3.411195
-2.277733 3.454366
-2.323126 3.496589
-2.368386 3.537855
-2.413498 3.578160
-2.458446 3.617497
-2.503217 3.655859
-2.547794 3.693241
-2.592164 3.729637
-2.636310 3.765043
-2.680218 3.799453
-2.723873 3.832864
-2.767259 3.865270
-2.810363 3.896667
-2.853169 3.927053
-2.895662 3.956423
-2.937827 3.984774
-2.979650 4.012104
-3.021115 4.038410
-3.062208 4.063690
-3.102914 4.087941
-3.143219 4.111163
-3.183108 4.133353
-3.222567 4.154510
-3.261580 4.174635
-3.300135 4.193726
-3.338215 4.211782
-3.375809 4.228805
-3.412900 4.244794
-3.449476 4.259751
-3.485522 4.273675
-3.521025 4.286568
-3.555970 4.298432
-3.590345 4.309269
-3.624136 4.319080
-3.657329 4.327867
-3.689912 4.335634
-3.721870 4.342384
-3.753193 4.348118
-3.783865 4.352842
-3.813876 4.356558
-3.843212 4.359271
-3.871861 4.360985
-3.899811 4.361704
-3.927050 4.361434
-3.953565 4.360178
-3.979346 4.357943
-4.004381 4.354734
-4.028658 4.350558
-4.052166 4.345419
-4.074894 4.339324
-4.096832 4.332281
-4.117968 4.324296
-4.138293 4.315375
-4.157796 4.305527
-4.176467 4.294758
-4.194296 4.283077
-4.211274 4.270492
-4.227392 4.257011
-4.242639 4.242642
-4.257008 4.227395
-4.270489 4.211277
-4.283074 4.194299
-4.294755 4.176470
-4.305524 4.157799
-4.315372 4.138296
-4.324293 4.117971
-4.332278 4.096834
-4.339321 4.074897
-4.345416 4.052168
-4.350555 4.028660
-4.354731 4.004383
-4.357940 3.979349
-4.360175 3.953568
-4.361430 3.927052
-4.361701 3.899813
-4.360982 3.871863
-4.359268 3.843214
-4.356555 3.813878
-4.352839 3.783868
-4.348115 3.753195
-4.342380 3.721873
-4.335631 3.689914
-4.327864 3.657331
-4.319076 3.624138
-4.309265 3.590347
-4.298429 3.555972
-4.286565 3.521026
-4.273671 3.485524
-4.259747 3.449478
-4.244791 3.412902
-4.228802 3.375810
-4.211779 3.338217
-4.193722 3.300136
-4.174631 3.261582
-4.154507 3.222568
-4.133349 3.183110
-4.111159 3.143221
-4.087937 3.102916
-4.063686 3.062209
-4.038406 3.021116
-4.012100 2.979651
-3.984771 2.937828
-3.956419 2.895663
-3.927049 2.853170
-3.896664 2.810364
-3.865266 2.767261
-3.832860 2.723874
-3.799450 2.680219
-3.765039 2.636311
-3.729633 2.592165
-3.693237 2.547795
-3.655855 2.503218
-3.617493 2.458447
-3.578156 2.413499
-3.537852 2.368387
-3.496585 2.323127
-3.454362 2.277734
-3.411191 2.232223
-3.367079 2.186608
-3.322032 2.140905
-3.276059 2.095129
-3.229167 2.049293
-3.181365 2.003414
-3.132661 1.957505
-3.083064 1.911582
-3.032583 1.865659
-2.981227 1.819750
-2.929006 1.773870
-2.875929 1.728034
-2.822007 1.682255
-2.767250 1.636548
-2.711668 1.590927
-2.655272 1.545407
-2.598074 1.500000
-2.540084 1.454721
-2.481315 1.409584
-2.421777 1.364603
-2.361484 1.319790
-2.300446 1.275159
-2.238677 1.230724
-2.176190 1.186498
-2.112997 1.142494
-2.049111 1.098725
-1.984546 1.055203
-1.919315 1.011941
-1.853433 0.968952
-1.786912 0.926248
-1.719768 0.883842
-1.652015 0.841744
-1.583667 0.799968
-1.514739 0.758525
-1.445246 0.717427
-1.375203 0.676684
-1.304626 0.636309
-1.233529 0.596312
-1.161930 0.556704
-1.089843 0.517496
-1.017284 0.478698
-0.944270 0.440321
-0.870817 0.402374
-0.796942 0.364869
-0.722660 0.327814
-0.647990 0.291218
-0.572947 0.255093
-0.497549 0.219445
-0.421813 0.184286
-0.345756 0.149622
-0.269395 0.115463
-0.192749 0.081817
-0.115834 0.048692
-0.038669 0.016096
0.038729 -0.015963
0.116342 -0.047478
0.194151 -0.078442
0.272140 -0.108848
0.350289 -0.138689
0.428580 -0.167959
0.506995 -0.196651
0.585516 -0.224759
0.664124 -0.252277
0.742801 -0.279201
0.821528 -0.305524
0.900286 -0.331241
0.979057 -0.356348
1.057823 -0.380840
1.136564 -0.404713
1.215261 -0.427961
1.293897 -0.450583
1.372452 -0.472574
1.450907 -0.493930
1.529244 -0.514648
1.607444 -0.534726
1.685488 -0.554161
1.763357 -0.572950
1.841034 -0.591092
1.918498 -0.608584
1.995731 -0.625425
2.072714 -0.641613
2.149430 -0.657148
2.225859 -0.672027
2.301983 -0.686252
2.377783 -0.699820
2.453241 -0.712733
2.528338 -0.724990
2.603056 -0.736592
2.677378 -0.747538
2.751284 -0.757831
2.824757 -0.767471
2.897779 -0.776459
2.970332 -0.784797
3.042397 -0.792486
3.113958 -0.799530
3.184997 -0.805929
3.255496 -0.811688
3.325438 -0.816807
3.394806 -0.821291
3.463583 -0.825143
3.531751 -0.828366
3.599294 -0.830964
3.666195 -0.832940
3.732438 -0.834300
3.798006 -0.835047
3.862883 -0.835186
3.927052 -0.834722
3.990499 -0.833660
4.053207 -0.832005
4.115160 -0.829763
4.176344 -0.826940
4.236742 -0.823541
4.296341 -0.819572
4.355124 -0.815041
4.413078 -0.809953
4.470188 -0.804316
4.526440 -0.798135
4.581820 -0.791419
4.636313 -0.784175
4.689906 -0.776411
4.742587 -0.768133
4.794341 -0.759351
4.845156 -0.750072
4.895018 -0.740304
4.943917 -0.730056
4.991838 -0.719337
5.038771 -0.708155
5.084703 -0.696520
5.129623 -0.684440
5.173519 -0.671925
5.216381 -0.658984
5.258198 -0.645628
5.298959 -0.631865
5.338655 -0.617705
5.377274 -0.603160
5.414808 -0.588238
5.451246 -0.572951
5.486581 -0.557309
5.520802 -0.541321
5.553901 -0.525000
5.585870 -0.508356
5.616701 -0.491400
5.646386 -0.474142
5.674918 -0.456595
5.702289 -0.438769
5.728492 -0.420676
5.753521 -0.402328
5.777370 -0.383735
5.800032 -0.364909
5.821501 -0.345863
5.841774 -0.326608
5.860843 -0.307156
5.878705 -0.287519
5.895354 -0.267709
5.910787 -0.247738
5.925000 -0.227618
5.937989 -0.207361
5.949751 -0.186981
5.960283 -0.166488
5.969582 -0.145896
5.977646 -0.125216
5.984473 -0.104462
5.990061 -0.083645
5.994408 -0.062778
5.997515 -0.041873
5.999379 -0.020944
6.000000 -0.000002
5.999379 0.020940
5.997514 0.041869
5.994408 0.062773
5.990061 0.083640
5.984473 0.104457
5.977646 0.125212
5.969582 0.145891
5.960283 0.166484
5.949751 0.186976
5.937989 0.207357
5.925000 0.227613
5.910787 0.247733
5.895353 0.267704
5.878704 0.287514
5.860842 0.307152
5.841773 0.326604
5.821501 0.345859
5.800031 0.364905
5.777369 0.383730
5.753520 0.402323
5.728491 0.420672
5.702288 0.438765
5.674917 0.456591
5.646385 0.474138
5.616700 0.491395
5.585869 0.508352
5.553900 0.524996
5.520801 0.541317
5.486579 0.557304
5.451245 0.572947
5.414806 0.588234
5.377273 0.603156
5.338653 0.617701
5.298958 0.631860
5.258197 0.645623
5.216380 0.658980
5.173517 0.671921
5.129621 0.684436
5.084701 0.696515
5.038769 0.708151
4.991836 0.719333
4.943915 0.730052
4.895016 0.740300
4.845154 0.750068
4.794339 0.759347
4.742585 0.768129
4.689904 0.776407
4.636311 0.784171
4.581817 0.791415
4.526438 0.798131
4.470186 0.804312
4.413076 0.809949
4.355122 0.815037
4.296338 0.819569
4.236740 0.823537
4.176341 0.826936
4.115158 0.829760
4.053204 0.832002
3.990496 0.833656
3.927050 0.834719
3.862880 0.835183
3.798003 0.835044
3.732435 0.834297
3.666192 0.832937
3.599291 0.830960
3.531748 0.828363
3.463580 0.825140
3.394803 0.821288
3.325436 0.816804
3.255493 0.811684
3.184994 0.805926
3.113955 0.799527
3.042394 0.792483
2.970328 0.784793
2.897776 0.776455
2.824754 0.767468
2.751281 0.757828
2.677375 0.747535
2.603053 0.736589
2.528335 0.724987
2.453237 0.712730
2.377779 0.699818
2.301979 0.686249
2.225856 0.672024
2.149427 0.657145
2.072711 0.641610
1.995727 0.625422
1.918494 0.608581
1.841030 0.591089
1.763354 0.572948
1.685484 0.554158
1.607440 0.534724
1.529240 0.514646
1.450903 0.493927
1.372448 0.472571
1.293893 0.450581
1.215257 0.427959
1.136560 0.404710
1.057819 0.380838
0.979053 0.356346
0.900282 0.331239
0.821524 0.305522
0.742797 0.279199
0.664120 0.252275
0.585512 0.224757
0.506991 0.196649
0.428576 0.167957
0.350285 0.138687
0.272136 0.108846
0.194147 0.078441
0.116338 0.047476
0.038725 0.015961
-0.038673 -0.016098
-0.115838 -0.048694
-0.192753 -0.081819
-0.269400 -0.115465
-0.345760 -0.149624
-0.421817 -0.184287
-0.497553 -0.219447
-0.572951 -0.255094
-0.647994 -0.291220
-0.722665 -0.327815
-0.796946 -0.364870
-0.870822 -0.402376
-0.944274 -0.440322
-1.017288 -0.478699
-1.089847 -0.517497
-1.161934 -0.556705
-1.233534 -0.596313
-1.304630 -0.636310
-1.375207 -0.676685
-1.445250 -0.717428
-1.514743 -0.758526
-1.583671 -0.799969
-1.652019 -0.841745
-1.719773 -0.883842
-1.786917 -0.926249
-1.853437 -0.968953
-1.919320 -1.011941
-1.984550 -1.055203
-2.049115 -1.098725
-2.113001 -1.142494
-2.176194 -1.186499
-2.238682 -1.230725
-2.300451 -1.275159
-2.361488 -1.319790
-2.421782 -1.364603
-2.481319 -1.409584
-2.540089 -1.454721
-2.598079 -1.500000
-2.655277 -1.545407
-2.711672 -1.590927
-2.767254 -1.636548
-2.822012 -1.682255
-2.875934 -1.728034
-2.929010 -1.773870
-2.981232 -1.819750
-3.032588 -1.865659
-3.083069 -1.911582
-3.132666 -1.957505
-3.181370 -2.003414
-3.229172 -2.049293
-3.276063 -2.095128
-3.322037 -2.140905
-3.367083 -2.186608
-3.411196 -2.232222
-3.454367 -2.277733
-3.496589 -2.323126
-3.537856 -2.368386
-3.578161 -2.413498
-3.617497 -2.458446
-3.655859 -2.503217
-3.693241 -2.547794
-3.729638 -2.592163
-3.765044 -2.636310
-3.799454 -2.680218
-3.832864 -2.723872
-3.865270 -2.767259
-3.896668 -2.810363
-3.927053 -2.853169
-3.956423 -2.895662
-3.984775 -2.937827
-4.012105 -2.979649
-4.038411 -3.021115
-4.063690 -3.062208
-4.087942 -3.102914
-4.111163 -3.143219
-4.133353 -3.183108
-4.154511 -3.222566
-4.174635 -3.261580
-4.193726 -3.300134
-4.211783 -3.338215
-4.228806 -3.375808
-4.244795 -3.412900
-4.259751 -3.449476
-4.273675 -3.485522
-4.286569 -3.521024
-4.298433 -3.555970
-4.309269 -3.590345
-4.319080 -3.624135
-4.327868 -3.657329
-4.335635 -3.689911
-4.342384 -3.721870
-4.348119 -3.753192
-4.352843 -3.783865
-4.356559 -3.813876
-4.359272 -3.843212
-4.360986 -3.871861
-4.361705 -3.899811
-4.361434 -3.927050
-4.360179 -3.953565
-4.357944 -3.979346
-4.354735 -4.004381
-4.350558 -4.028658
-4.345419 -4.052166
-4.339325 -4.074894
-4.332282 -4.096832
-4.324296 -4.117968
-4.315375 -4.138293
-4.305527 -4.157796
-4.294759 -4.176467
-4.283078 -4.194296
-4.270492 -4.211274
-4.257011 -4.227391
-4.242642 -4.242639
-4.227395 -4.257008
-4.211278 -4.270489
-4.194299 -4.283074
-4.176470 -4.294755
-4.157799 -4.305523
-4.138296 -4.315372
-4.117971 -4.324292
-4.096835 -4.332278
-4.074897 -4.339321
-4.052169 -4.345415
-4.028661 -4.350554
-4.004384 -4.354731
-3.979349 -4.357940
-3.953568 -4.360174
-3.927052 -4.361430
-3.899814 -4.361701
-3.871864 -4.360981
-3.843215 -4.359268
-3.813879 -4.356555
-3.783868 -4.352838
-3.753195 -4.348115
-3.721873 -4.342380
-3.689914 -4.335630
-3.657331 -4.327863
-3.624138 -4.319076
-3.590347 -4.309265
-3.555972 -4.298428
-3.521027 -4.286564
-3.485524 -4.273671
-3.449478 -4.259747
-3.412902 -4.244790
-3.375811 -4.228801
-3.338217 -4.211778
-3.300136 -4.193722
-3.261582 -4.174631
-3.222568 -4.154506
-3.183110 -4.133349
-3.143221 -4.111158
-3.102916 -4.087937
-3.062209 -4.063686
-3.021116 -4.038406
-2.979651 -4.012100
-2.937828 -3.984770
-2.895663 -3.956419
-2.853170 -3.927049
-2.810365 -3.896663
-2.767261 -3.865265
-2.723874 -3.832859
-2.680219 -3.799449
-2.636311 -3.765039
-2.592165 -3.729633
-2.547795 -3.693236
-2.503218 -3.655854
-2.458447 -3.617492
-2.413499 -3.578156
-2.368387 -3.537851
-2.323127 -3.496584
-2.277734 -3.454362
-2.232223 -3.411191
-2.186608 -3.367078
-2.140905 -3.322032
-2.095129 -3.276058
-2.049293 -3.229167
-2.003414 -3.181365
-1.957506 -3.132661
-1.911582 -3.083064
-1.865659 -3.032582
-1.819750 -2.981227
-1.773870 -2.929005
-1.728034 -2.875929
-1.682255 -2.822006
-1.636548 -2.767249
-1.590927 -2.711667
-1.545407 -2.655272
-1.500000 -2.598074
-1.454721 -2.540084
-1.409584 -2.481314
-1.364602 -2.421777
-1.319790 -2.361483
-1.275159 -2.300446
-1.230724 -2.238677
-1.186498 -2.176189
-1.142494 -2.112996
-1.098724 -2.049110
-1.055203 -1.984545
-1.011941 -1.919315
-0.968952 -1.853432
-0.926248 -1.786912
-0.883842 -1.719768
-0.841744 -1.652014
-0.799968 -1.583666
-0.758525 -1.514738
-0.717427 -1.445245
-0.676684 -1.375202
-0.636309 -1.304625
-0.596312 -1.233529
-0.556704 -1.161929
-0.517496 -1.089842
-0.478698 -1.017284
-0.440321 -0.944270
-0.402374 -0.870817
-0.364869 -0.796941
-0.327813 -0.722660
-0.291218 -0.647989
-0.255093 -0.572946
-0.219445 -0.497548
-0.184285 -0.421812
-0.149622 -0.345755
-0.115463 -0.269395
-0.081817 -0.192748
-0.048692 -0.115834
-0.016096 -0.038669
0.015963 0.038729
0.047478 0.116342
0.078443 0.194152
0.108849 0.272140
0.138690 0.350289
0.167959 0.428581
0.196651 0.506996
0.224759 0.585517
0.252278 0.664125
0.279201 0.742801
0.305524 0.821528
0.331241 0.900287
0.356348 0.979058
0.380840 1.057823
0.404713 1.136564
0.427962 1.215262
0.450583 1.293897
0.472574 1.372452
0.493930 1.450907
0.514648 1.529244
0.534726 1.607444
0.554161 1.685488
0.572951 1.763358
0.591092 1.841034
0.608584 1.918498
0.625425 1.995731
0.641613 2.072715
0.657148 2.149431
0.672028 2.225859
0.686252 2.301983
0.699821 2.377783
0.712734 2.453241
0.724991 2.528338
0.736592 2.603057
0.747539 2.677378
0.757831 2.751285
0.767471 2.824758
0.776459 2.897779
0.784797 2.970332
0.792487 3.042398
0.799530 3.113959
0.805930 3.184998
0.811688 3.255497
0.816808 3.325439
0.821292 3.394807
0.825144 3.463583
0.828367 3.531751
0.830964 3.599294
0.832941 3.666196
0.834301 3.732438
0.835048 3.798006
0.835187 3.862883
0.834723 3.927053
0.833661 3.990499
0.832006 4.053207
0.829764 4.115160
0.826940 4.176344
0.823541 4.236743
0.819573 4.296341
0.815041 4.355125
0.809954 4.413079
0.804316 4.470189
0.798136 4.526440
0.791420 4.581820
0.784176 4.636313
0.776411 4.689907
0.768134 4.742587
0.759351 4.794341
0.750072 4.845156
0.740304 4.895019
0.730056 4.943917
0.719337 4.991838
0.708155 5.038771
0.696520 5.084703
0.684440 5.129623
0.671925 5.173519
0.658985 5.216381
0.645628 5.258198
0.631865 5.298960
0.617706 5.338655
0.603160 5.377274
0.588239 5.414808
0.572952 5.451247
0.557309 5.486581
0.541322 5.520802
0.525001 5.553901
0.508357 5.585871
0.491400 5.616702
0.474143 5.646387
0.456596 5.674918
0.438770 5.702289
0.420677 5.728492
0.402328 5.753521
0.383735 5.777370
0.364910 5.800032
0.345864 5.821502
0.326609 5.841774
0.307156 5.860843
0.287519 5.878705
0.267709 5.895354
0.247738 5.910787
0.227618 5.925000
0.207362 5.937989
0.186981 5.949751
0.166489 5.960283
0.145896 5.969582
0.125217 5.977646
0.104462 5.984473
0.083645 5.990061
0.062778 5.994408
0.041874 5.997515
0.020945 5.999379
0.000003 6.000000
-0.020939 5.999379
-0.041868 5.997514
-0.062773 5.994408
-0.083640 5.990061
-0.104457 5.984473
-0.125211 5.977646
-0.145891 5.969582
-0.166483 5.960283
-0.186976 5.949751
-0.207356 5.937989
-0.227613 5.925000
-0.247733 5.910787
-0.267704 5.895353
-0.287514 5.878704
-0.307151 5.860842
-0.326603 5.841773
-0.345858 5.821501
-0.364904 5.800031
-0.383730 5.777369
-0.402323 5.753520
-0.420671 5.728491
-0.438764 5.702288
-0.456590 5.674917
-0.474138 5.646385
-0.491395 5.616700
-0.508351 5.585869
-0.524995 5.553900
-0.541317 5.520800
-0.557304 5.486579
-0.572946 5.451245
-0.588234 5.414806
-0.603155 5.377272
-0.617701 5.338653
-0.631860 5.298958
-0.645623 5.258196
-0.658979 5.216379
-0.671920 5.173517
-0.684435 5.129621
-0.696515 5.084701
-0.708150 5.038769
-0.719332 4.991836
-0.730051 4.943914
-0.740299 4.895016
-0.750067 4.845153
-0.759346 4.794339
-0.768129 4.742585
-0.776406 4.689904
-0.784171 4.636310
-0.791415 4.581817
-0.798131 4.526438
-0.804311 4.470186
-0.809949 4.413076
-0.815037 4.355122
-0.819568 4.296338
-0.823537 4.236739
-0.826936 4.176341
-0.829759 4.115157
-0.832001 4.053204
-0.833656 3.990496
-0.834718 3.927049
-0.835182 3.862880
-0.835043 3.798003
-0.834296 3.732435
-0.832937 3.666192
-0.830960 3.599291
-0.828362 3.531748
-0.825139 3.463580
-0.821288 3.394803
-0.816804 3.325435
-0.811684 3.255493
-0.805926 3.184994
-0.799526 3.113955
-0.792483 3.042394
-0.784793 2.970328
-0.776455 2.897775
-0.767467 2.824754
-0.757827 2.751281
-0.747535 2.677374
-0.736588 2.603053
-0.724987 2.528334
-0.712730 2.453237
-0.699817 2.377779
-0.686248 2.301979
-0.672024 2.225855
-0.657144 2.149426
-0.641610 2.072710
-0.625422 1.995727
-0.608581 1.918494
-0.591089 1.841030
-0.572947 1.763353
-0.554158 1.685484
-0.534723 1.607440
-0.514645 1.529240
-0.493927 1.450903
-0.472571 1.372447
-0.450580 1.293893
-0.427959 1.215257
-0.404710 1.136559
-0.380837 1.057818
-0.356346 0.979053
-0.331239 0.900282
-0.305521 0.821523
-0.279198 0.742797
-0.252275 0.664120
-0.224757 0.585512
-0.196648 0.506991
-0.167957 0.428576
-0.138687 0.350284
-0.108846 0.272135
-0.078440 0.194147
-0.047476 0.116337
-0.015961 0.038724
0.016098 -0.038674
0.048694 -0.115839
0.081819 -0.192754
0.115465 -0.269400
0.149624 -0.345761
0.184287 -0.421818
0.219447 -0.497554
0.255094 -0.572952
0.291220 -0.647995
0.327815 -0.722665
0.364870 -0.796947
0.402376 -0.870822
0.440322 -0.944275
0.478699 -1.017289
0.517497 -1.089848
0.556705 -1.161935
0.596313 -1.233534
0.636310 -1.304631
0.676685 -1.375208
0.717428 -1.445251
0.758526 -1.514744
0.799969 -1.583672
0.841745 -1.652020
0.883842 -1.719773
0.926249 -1.786917
0.968953 -1.853438
1.011942 -1.919320
1.055203 -1.984551
1.098725 -2.049116
1.142494 -2.113002
1.186499 -2.176195
1.230725 -2.238682
1.275159 -2.300451
1.319790 -2.361489
1.364603 -2.421782
1.409584 -2.481320
1.454721 -2.540090
1.500000 -2.598079
1.545407 -2.655277
1.590927 -2.711673
1.636548 -2.767255
1.682255 -2.822012
1.728034 -2.875934
1.773870 -2.929011
1.819750 -2.981232
1.865659 -3.032588
1.911582 -3.083069
1.957505 -3.132666
2.003413 -3.181370
2.049293 -3.229172
2.095128 -3.276064
2.140904 -3.322037
2.186607 -3.367084
2.232222 -3.411196
2.277733 -3.454367
2.323126 -3.496590
2.368386 -3.537857
2.413498 -3.578161
2.458446 -3.617498
2.503217 -3.655860
2.547794 -3.693242
2.592163 -3.729638
2.636309 -3.765044
2.680217 -3.799455
2.723872 -3.832865
2.767259 -3.865271
2.810363 -3.896668
2.853169 -3.927054
2.895661 -3.956424
2.937827 -3.984775
2.979649 -4.012105
3.021114 -4.038411
3.062207 -4.063691
3.102914 -4.087942
3.143219 -4.111164
3.183108 -4.133354
3.222566 -4.154511
3.261580 -4.174636
3.300134 -4.193727
3.338215 -4.211783
3.375808 -4.228806
3.412900 -4.244795
3.449475 -4.259752
3.485521 -4.273676
3.521024 -4.286569
3.555970 -4.298433
3.590344 -4.309270
3.624135 -4.319081
3.657328 -4.327868
3.689911 -4.335635
3.721870 -4.342385
3.753192 -4.348119
3.783865 -4.352843
3.813875 -4.356559
3.843211 -4.359272
3.871861 -4.360986
3.899810 -4.361705
3.927049 -4.361434
3.953565 -4.360179
3.979346 -4.357944
4.004380 -4.354735
4.028657 -4.350558
4.052165 -4.345420
4.074894 -4.339325
4.096831 -4.332282
4.117968 -4.324296
4.138292 -4.315376
4.157795 -4.305527
4.176466 -4.294759
4.194296 -4.283078
4.211274 -4.270493
4.227391 -4.257012
4.242639 -4.242643
4.257007 -4.227395
4.270488 -4.211278
4.283074 -4.194300
4.294754 -4.176470
4.305523 -4.157799
4.315371 -4.138296
4.324292 -4.117972
4.332277 -4.096835
4.339321 -4.074897
4.345415 -4.052169
4.350554 -4.028661
4.354730 -4.004384
4.357939 -3.979349
4.360174 -3.953569
4.361429 -3.927053
4.361700 -3.899814
4.360981 -3.871864
4.359267 -3.843215
4.356554 -3.813879
4.352838 -3.783868
4.348114 -3.753195
4.342379 -3.721873
4.335630 -3.689914
4.327863 -3.657332
4.319075 -3.624138
4.309264 -3.590347
4.298428 -3.555973
4.286564 -3.521027
4.273670 -3.485524
4.259746 -3.449478
4.244790 -3.412902
4.228801 -3.375811
4.211778 -3.338218
4.193721 -3.300137
4.174630 -3.261582
4.154506 -3.222569
4.133348 -3.183110
4.111158 -3.143221
4.087936 -3.102916
4.063685 -3.062210
4.038405 -3.021116
4.012099 -2.979651
3.984769 -2.937829
3.956418 -2.895663
3.927048 -2.853171
3.896662 -2.810365
3.865265 -2.767261
3.832859 -2.723874
3.799449 -2.680219
3.765038 -2.636311
3.729632 -2.592165
3.693236 -2.547796
3.655854 -2.503218
3.617492 -2.458448
3.578155 -2.413499
3.537850 -2.368387
3.496584 -2.323127
3.454361 -2.277734
3.411190 -2.232223
3.367078 -2.186608
3.322031 -2.140905
3.276058 -2.095129
3.229166 -2.049294
3.181364 -2.003414
3.132660 -1.957506
3.083063 -1.911582
3.032582 -1.865659
2.981226 -1.819750
2.929005 -1.773870
2.875928 -1.728034
2.822006 -1.682255
2.767249 -1.636548
2.711667 -1.590927
2.655271 -1.545407
2.598073 -1.500000
2.540083 -1.454721
2.481314 -1.409584
2.421776 -1.364602
2.361483 -1.319790
2.300445 -1.275159
2.238676 -1.230724
2.176189 -1.186498
2.112996 -1.142494
2.049110 -1.098724
1.984545 -1.055203
1.919314 -1.011941
1.853432 -0.968952
1.786911 -0.926248
1.719767 -0.883841
1.652014 -0.841744
1.583666 -0.799968
1.514738 -0.758525
1.445245 -0.717427
1.375202 -0.676684
1.304625 -0.636309
1.233528 -0.596312
1.161929 -0.556704
1.089842 -0.517496
1.017283 -0.478698
0.944269 -0.440321
0.870816 -0.402374
0.796941 -0.364868
0.722659 -0.327813
0.647989 -0.291218
0.572946 -0.255092
0.497548 -0.219445
0.421812 -0.184285
0.345755 -0.149622
0.269394 -0.115463
0.192748 -0.081817
0.115833 -0.048692
0.038668 -0.016096
-0.038730 0.015963
-0.116343 0.047479
-0.194152 0.078443
-0.272141 0.108849
-0.350290 0.138690
-0.428581 0.167959
-0.506996 0.196651
-0.585517 0.224759
-0.664125 0.252278
-0.742802 0.279201
-0.821529 0.305524
-0.900287 0.331242
-0.979058 0.356349
-1.057824 0.380841
-1.136565 0.404713
-1.215262 0.427962
-1.293898 0.450584
-1.372453 0.472574
-1.450908 0.493930
-1.529245 0.514649
-1.607445 0.534727
-1.685489 0.554162
-1.763358 0.572951
-1.841034 0.591093
-1.918498 0.608585
-1.995732 0.625426
-2.072715 0.641614
-2.149431 0.657148
-2.225860 0.672028
-2.301984 0.686252
-2.377784 0.699821
-2.453241 0.712734
-2.528339 0.724991
-2.603057 0.736593
-2.677379 0.747539
-2.751285 0.757832
-2.824758 0.767471
-2.897780 0.776459
-2.970332 0.784797
-3.042398 0.792487
-3.113959 0.799531
-3.184998 0.805930
-3.255497 0.811688
-3.325439 0.816808
-3.394807 0.821292
-3.463584 0.825144
-3.531752 0.828367
-3.599295 0.830965
-3.666196 0.832941
-3.732439 0.834301
-3.798006 0.835048
-3.862883 0.835187
-3.927053 0.834723
-3.990500 0.833661
-4.053207 0.832006
-4.115161 0.829764
-4.176344 0.826941
-4.236743 0.823542
-4.296341 0.819573
-4.355125 0.815042
-4.413079 0.809954
-4.470189 0.804316
-4.526441 0.798136
-4.581820 0.791420
-4.636313 0.784176
-4.689907 0.776412
-4.742587 0.768134
-4.794341 0.759352
-4.845156 0.750073
-4.895019 0.740305
-4.943917 0.730057
-4.991838 0.719338
-5.038771 0.708156
-5.084703 0.696521
-5.129623 0.684441
-5.173520 0.671926
-5.216382 0.658985
-5.258199 0.645629
-5.298960 0.631866
-5.338655 0.617706
-5.377274 0.603161
-5.414808 0.588239
-5.451247 0.572952
-5.486581 0.557310
-5.520802 0.541322
-5.553902 0.525001
-5.585871 0.508357
-5.616702 0.491401
-5.646387 0.474144
-5.674918 0.456596
-5.702289 0.438770
-5.728492 0.420677
-5.753521 0.402329
-5.777370 0.383736
-5.800032 0.364910
-5.821502 0.345864
-5.841774 0.326609
-5.860843 0.307157
-5.878705 0.287520
-5.895354 0.267710
-5.910787 0.247739
-5.925000 0.227619
-5.937989 0.207362
-5.949751 0.186982
-5.960283 0.166489
-5.969582 0.145897
-5.977646 0.125217
-5.984473 0.104463
-5.990061 0.083646
-5.994408 0.062779
-5.997515 0.041875
-5.999379 0.020945
-6.000000 0.000003
-5.999379 -0.020938
-5.997514 -0.041868
-5.994408 -0.062772
-5.990060 -0.083639
-5.984473 -0.104456
-5.977646 -0.125210
-5.969582 -0.145890
-5.960283 -0.166482
-5.949751 -0.186975
-5.937989 -0.207356
-5.924999 -0.227612
-5.910786 -0.247732
-5.895353 -0.267703
-5.878704 -0.287513
-5.860842 -0.307150
-5.841773 -0.326602
-5.821500 -0.345858
-5.800031 -0.364904
-5.777369 -0.383729
-5.753520 -0.402322
-5.728491 -0.420671
-5.702287 -0.438764
-5.674917 -0.456590
-5.646385 -0.474137
-5.616700 -0.491394
-5.585869 -0.508351
-5.553900 -0.524995
-5.520800 -0.541316
-5.486579 -0.557303
-5.451245 -0.572946
-5.414806 -0.588233
-5.377272 -0.603155
-5.338653 -0.617700
-5.298957 -0.631859
-5.258196 -0.645622
-5.216379 -0.658979
-5.173517 -0.671920
-5.129620 -0.684435
-5.084700 -0.696514
-5.038768 -0.708150
-4.991836 -0.719332
-4.943914 -0.730051
-4.895016 -0.740299
-4.845153 -0.750067
-4.794338 -0.759346
-4.742584 -0.768128
-4.689904 -0.776406
-4.636310 -0.784170
-4.581817 -0.791414
-4.526437 -0.798130
-4.470186 -0.804311
-4.413075 -0.809948
-4.355121 -0.815036
-4.296338 -0.819568
-4.236739 -0.823536
-4.176341 -0.826935
-4.115157 -0.829759
-4.053203 -0.832001
-3.990496 -0.833656
-3.927049 -0.834718
-3.862879 -0.835182
-3.798002 -0.835043
-3.732434 -0.834296
-3.666192 -0.832936
-3.599290 -0.830960
-3.531747 -0.828362
-3.463579 -0.825139
-3.394803 -0.821287
-3.325435 -0.816803
-3.255493 -0.811683
-3.184993 -0.805925
-3.113954 -0.799526
-3.042393 -0.792482
-2.970328 -0.784793
-2.897775 -0.776455
-2.824753 -0.767467
-2.751280 -0.757827
-2.677374 -0.747535
-2.603052 -0.736588
-2.528334 -0.724986
-2.453236 -0.712730
-2.377778 -0.699817
-2.301978 -0.686248
-2.225855 -0.672024
-2.149426 -0.657144
-2.072710 -0.641610
-1.995726 -0.625421
-1.918493 -0.608581
-1.841029 -0.591089
-1.763353 -0.572947
-1.685483 -0.554158
-1.607439 -0.534723
-1.529239 -0.514645
-1.450902 -0.493926
-1.372447 -0.472570
-1.293892 -0.450580
-1.215256 -0.427959
-1.136559 -0.404710
-1.057818 -0.380837
-0.979052 -0.356345
-0.900281 -0.331238
-0.821523 -0.305521
-0.742796 -0.279198
-0.664119 -0.252275
-0.585511 -0.224756
-0.506990 -0.196648
-0.428575 -0.167956
-0.350284 -0.138687
-0.272135 -0.108846
-0.194146 -0.078440
-0.116337 -0.047476
-0.038724 -0.015961
0.038674 0.016099
0.115840 0.048694
0.192754 0.081819
0.269401 0.115465
0.345761 0.149624
0.421818 0.184287
0.497554 0.219447
0.572952 0.255094
0.647995 0.291220
0.722666 0.327815
0.796947 0.364870
0.870823 0.402376
0.944276 0.440322
1.017290 0.478699
1.089848 0.517497
1.161935 0.556705
1.233535 0.596313
1.304631 0.636310
1.375209 0.676685
1.445251 0.717428
1.514744 0.758526
1.583672 0.799969
1.652020 0.841745
1.719774 0.883842
1.786918 0.926249
1.853438 0.968953
1.919321 1.011942
1.984551 1.055203
2.049116 1.098725
2.113002 1.142494
2.176195 1.186499
2.238683 1.230725
2.300452 1.275159
2.361489 1.319790
2.421783 1.364603
2.481321 1.409584
2.540090 1.454721
2.598080 1.500000
2.655278 1.545407
2.711674 1.590927
2.767255 1.636548
2.822013 1.682255
2.875935 1.728034
2.929011 1.773870
2.981233 1.819750
3.032589 1.865658
3.083070 1.911582
3.132667 1.957505
3.181371 2.003413
3.229173 2.049293
3.276065 2.095128
3.322038 2.140904
3.367084 2.186607
3.411197 2.232222
3.454368 2.277733
3.496590 2.323126
3.537857 2.368386
3.578162 2.413498
3.617498 2.458446
3.655860 2.503217
3.693242 2.547794
3.729639 2.592163
3.765045 2.636309
3.799455 2.680217
3.832865 2.723872
3.865271 2.767259
3.896669 2.810363
3.927054 2.853168
