6.000000 0.000000
5.998849 0.023272
5.995398 0.046547
5.989646 0.069831
5.981598 0.093126
5.971256 0.116437
5.958624 0.139768
5.943708 0.163122
5.926514 0.186503
5.907049 0.209914
5.885321 0.233361
5.861339 0.256846
5.835114 0.280372
5.806656 0.303944
5.775976 0.327564
5.743089 0.351236
5.708006 0.374963
5.670744 0.398748
5.631317 0.422595
5.589742 0.446505
5.546036 0.470482
5.500217 0.494529
5.452304 0.518647
5.402318 0.542839
5.350278 0.567108
5.296207 0.591455
5.240126 0.615882
5.182060 0.640391
5.122032 0.664984
5.060067 0.689661
4.996190 0.714425
4.930429 0.739275
4.862810 0.764213
4.793362 0.789239
4.722112 0.814354
4.649091 0.839558
4.574329 0.864851
4.497856 0.890233
4.419705 0.915703
4.339907 0.941260
4.258495 0.966904
4.175503 0.992634
4.090965 1.018447
4.004916 1.044344
3.917391 1.070321
3.828427 1.096376
3.738060 1.122508
3.646326 1.148714
3.553265 1.174991
3.458913 1.201336
3.363310 1.227746
3.266495 1.254216
3.168507 1.280744
3.069387 1.307325
2.969175 1.333955
2.867912 1.360629
2.765640 1.387343
2.662400 1.414091
2.558234 1.440868
2.453185 1.467668
2.347296 1.494486
2.240610 1.521315
2.133169 1.548150
2.025019 1.574982
1.916202 1.601806
1.806763 1.628615
1.696745 1.655400
1.586195 1.682155
1.475156 1.708871
1.363673 1.735540
1.251791 1.762154
1.139555 1.788705
1.027011 1.815182
0.914203 1.841578
0.801178 1.867883
0.687980 1.894088
0.574654 1.920182
0.461247 1.946156
0.347803 1.971999
0.234368 1.997701
0.120986 2.023252
0.007704 2.048640
-0.105435 2.073855
-0.218384 2.098886
-0.331099 2.123720
-0.443537 2.148347
-0.555651 2.172754
-0.667399 2.196930
-0.778735 2.220863
-0.889617 2.244540
-1.000000 2.267949
-1.109842 2.291078
-1.219099 2.313913
-1.327730 2.336443
-1.435691 2.358654
-1.542940 2.380532
-1.649437 2.402066
-1.755139 2.423242
-1.860007 2.444045
-1.963999 2.464464
-2.067076 2.484484
-2.169198 2.504092
-2.270326 2.523274
-2.370422 2.542016
-2.469448 2.560306
-2.567365 2.578128
-2.664138 2.595470
-2.759729 2.612317
-2.854102 2.628656
-2.947223 2.644472
-3.039056 2.659753
-3.129568 2.674483
-3.218725 2.688650
-3.306493 2.702240
-3.392842 2.715239
-3.477738 2.727633
-3.561152 2.739409
-3.643053 2.750553
-3.723411 2.761052
-3.802198 2.770893
-3.879385 2.780061
-3.954946 2.788546
-4.028852 2.796332
-4.101080 2.803408
-4.171602 2.809760
-4.240396 2.815377
-4.307436 2.820245
-4.372701 2.824352
-4.436169 2.827687
-4.497818 2.830238
-4.557627 2.831992
-4.615578 2.832939
-4.671651 2.833067
-4.725828 2.832364
-4.778092 2.830821
-4.828427 2.828427
-4.876818 2.825172
-4.923249 2.821044
-4.967707 2.816036
-5.010180 2.810136
-5.050654 2.803336
-5.089120 2.795628
-5.125566 2.787002
-5.159983 2.777450
-5.192363 2.766965
-5.222698 2.755538
-5.250981 2.743162
-5.277206 2.729831
-5.301368 2.715538
-5.323462 2.700276
-5.343487 2.684040
-5.361438 2.666825
-5.377315 2.648625
-5.391117 2.629435
-5.402844 2.609252
-5.412496 2.588072
-5.420077 2.565890
-5.425588 2.542704
-5.429034 2.518512
-5.430418 2.493311
-5.429746 2.467099
-5.427024 2.439875
-5.422260 2.411639
-5.415460 2.382389
-5.406635 2.352127
-5.395792 2.320852
-5.382943 2.288565
-5.368098 2.255268
-5.351270 2.220964
-5.332471 2.185653
-5.311714 2.149340
-5.289014 2.112028
-5.264387 2.073720
-5.237846 2.034421
-5.209410 1.994136
-5.179096 1.952870
-5.146921 1.910629
-5.112904 1.867419
-5.077064 1.823248
-5.039423 1.778123
-5.000000 1.732051
-4.958817 1.685041
-4.915896 1.637103
-4.871260 1.588244
-4.824933 1.538476
-4.776938 1.487809
-4.727301 1.436254
-4.676045 1.383822
-4.623199 1.330525
-4.568787 1.276375
-4.512837 1.221386
-4.455377 1.165572
-4.396434 1.108945
-4.336037 1.051520
-4.274216 0.993313
-4.210999 0.934339
-4.146418 0.874614
-4.080502 0.814154
-4.013283 0.752976
-3.944791 0.691097
-3.875060 0.628536
-3.804120 0.565310
-3.732006 0.501438
-3.658749 0.436940
-3.584383 0.371835
-3.508941 0.306143
-3.432459 0.239885
-3.354969 0.173082
-3.276507 0.105754
-3.197107 0.037925
-3.116805 -0.030385
-3.035636 -0.099151
-2.953635 -0.168353
-2.870838 -0.237965
-2.787282 -0.307964
-2.703001 -0.378327
-2.618034 -0.449028
-2.532415 -0.520043
-2.446182 -0.591347
-2.359370 -0.662914
-2.272018 -0.734718
-2.184161 -0.806734
-2.095837 -0.878934
-2.007082 -0.951293
-1.917933 -1.023783
-1.828427 -1.096376
-1.738601 -1.169046
-1.648492 -1.241765
-1.558136 -1.314504
-1.467571 -1.387236
-1.376833 -1.459932
-1.285958 -1.532563
-1.194984 -1.605100
-1.103945 -1.677515
-1.012880 -1.749779
-0.921822 -1.821861
-0.830809 -1.893733
-0.739876 -1.965366
-0.649059 -2.036729
-0.558392 -2.107792
-0.467911 -2.178527
-0.377650 -2.248902
-0.287644 -2.318888
-0.197928 -2.388456
-0.108534 -2.457574
-0.019497 -2.526213
0.069150 -2.594344
0.157374 -2.661935
0.245143 -2.728956
0.332424 -2.795379
0.419185 -2.861172
0.505395 -2.926307
0.591023 -2.990753
0.676038 -3.054481
0.760410 -3.117461
0.844109 -3.179663
0.927106 -3.241059
1.009371 -3.301620
1.090877 -3.361316
1.171595 -3.420119
1.251497 -3.478000
1.330557 -3.534930
1.408749 -3.590883
1.486046 -3.645829
1.562422 -3.699742
1.637854 -3.752593
1.712316 -3.804357
1.785784 -3.855006
1.858236 -3.904513
1.929649 -3.952853
2.000000 -4.000000
2.069268 -4.045929
2.137432 -4.090614
2.204472 -4.134031
2.270367 -4.176156
2.335100 -4.216965
2.398650 -4.256434
2.461000 -4.294541
2.522134 -4.331262
2.582033 -4.366577
2.640682 -4.400463
2.698066 -4.432899
2.754170 -4.463865
2.808979 -4.493341
2.862481 -4.521307
2.914661 -4.547744
2.965509 -4.572634
3.015012 -4.595958
3.063159 -4.617700
3.109940 -4.637842
3.155346 -4.656369
3.199367 -4.673265
3.241995 -4.688515
3.283223 -4.702105
3.323043 -4.714021
3.361448 -4.724249
3.398435 -4.732779
3.433996 -4.739597
3.468128 -4.744693
3.500826 -4.748056
3.532089 -4.749677
3.561912 -4.749547
3.590295 -4.747657
3.617235 -4.743999
3.642733 -4.738568
3.666789 -4.731356
3.689402 -4.722358
3.710574 -4.711569
3.730308 -4.698986
3.748604 -4.684606
3.765467 -4.668424
3.780900 -4.650441
3.794908 -4.630655
3.807494 -4.609065
3.818665 -4.585672
3.828427 -4.560478
3.836785 -4.533484
3.843747 -4.504694
3.849321 -4.474111
3.853515 -4.441739
3.856337 -4.407583
3.857797 -4.371649
3.857904 -4.333945
3.856668 -4.294477
3.854102 -4.253254
3.850214 -4.210285
3.845018 -4.165579
3.838526 -4.119148
3.830749 -4.071002
3.821702 -4.021153
3.811398 -3.969616
3.799850 -3.916402
3.787073 -3.861527
3.773083 -3.805006
3.757893 -3.746854
3.741520 -3.687089
3.723980 -3.625728
3.705289 -3.562789
3.685464 -3.498291
3.664522 -3.432253
3.642480 -3.364697
3.619356 -3.295642
3.595169 -3.225112
3.569935 -3.153127
3.543675 -3.079713
3.516406 -3.004892
3.488149 -2.928688
3.458923 -2.851129
3.428746 -2.772238
3.397640 -2.692043
3.365624 -2.610572
3.332719 -2.527851
3.298945 -2.443909
3.264323 -2.358776
3.228874 -2.272481
3.192619 -2.185055
3.155579 -2.096528
3.117775 -2.006932
3.079230 -1.916298
3.039964 -1.824660
3.000000 -1.732051
2.959358 -1.638503
2.918062 -1.544052
2.876132 -1.448731
2.833591 -1.352576
2.790461 -1.255623
2.746764 -1.157907
2.702522 -1.059465
2.657757 -0.960334
2.612492 -0.860551
2.566747 -0.760154
2.520546 -0.659181
2.473910 -0.557670
2.426862 -0.455659
2.379422 -0.353189
2.331614 -0.250299
2.283458 -0.147027
2.234977 -0.043415
2.186192 0.060498
2.137124 0.164671
2.087795 0.269063
2.038225 0.373634
1.988437 0.478342
1.938450 0.583146
1.888286 0.688004
1.837966 0.792875
1.787508 0.897718
1.736935 1.002489
1.686265 1.107148
1.635519 1.211653
1.584716 1.315960
1.533876 1.420029
1.483017 1.523817
1.432159 1.627282
1.381320 1.730382
1.330518 1.833075
1.279773 1.935318
1.229101 2.037071
1.178520 2.138291
1.128048 2.238936
1.077701 2.338965
1.027497 2.438337
0.977451 2.537010
0.927581 2.634943
0.877901 2.732096
0.828427 2.828428
0.779175 2.923898
0.730159 3.018466
0.681394 3.112093
0.632895 3.204739
0.584674 3.296364
0.536746 3.386931
0.489123 3.476399
0.441819 3.564732
0.394846 3.651892
0.348216 3.737840
0.301941 3.822541
0.256033 3.905958
0.210502 3.988054
0.165359 4.068793
0.120615 4.148142
0.076279 4.226066
0.032362 4.302529
-0.011129 4.377500
-0.054183 4.450944
-0.096792 4.522830
-0.138948 4.593125
-0.180644 4.661799
-0.221872 4.728821
-0.262624 4.794161
-0.302895 4.857789
-0.342677 4.919677
-0.381966 4.979797
-0.420754 5.038122
-0.459038 5.094624
-0.496812 5.149279
-0.534072 5.202061
-0.570813 5.252945
-0.607032 5.301908
-0.642726 5.348926
-0.677890 5.393979
-0.712523 5.437043
-0.746622 5.478100
-0.780184 5.517128
-0.813209 5.554109
-0.845694 5.589026
-0.877638 5.621859
-0.909041 5.652594
-0.939903 5.681214
-0.970222 5.707704
-0.999999 5.732051
-1.029235 5.754242
-1.057930 5.774264
-1.086086 5.792107
-1.113702 5.807759
-1.140782 5.821211
-1.167326 5.832456
-1.193338 5.841484
-1.218819 5.848289
-1.243771 5.852867
-1.268199 5.855210
-1.292104 5.855316
-1.315490 5.853182
-1.338361 5.848805
-1.360720 5.842184
-1.382572 5.833319
-1.403920 5.822210
-1.424769 5.808860
-1.445124 5.793270
-1.464989 5.775444
-1.484370 5.755387
-1.503270 5.733103
-1.521696 5.708600
-1.539653 5.681884
-1.557147 5.652963
-1.574183 5.621847
-1.590767 5.588546
-1.606904 5.553070
-1.622602 5.515431
-1.637866 5.475642
-1.652703 5.433717
-1.667118 5.389670
-1.681119 5.343517
-1.694712 5.295274
-1.707903 5.244958
-1.720699 5.192587
-1.733106 5.138181
-1.745133 5.081759
-1.756784 5.023342
-1.768068 4.962951
-1.778990 4.900610
-1.789559 4.836340
-1.799780 4.770167
-1.809660 4.702115
-1.819207 4.632210
-1.828427 4.560478
-1.837326 4.486946
-1.845913 4.411643
-1.854193 4.334597
-1.862173 4.255838
-1.869860 4.175396
-1.877260 4.093303
-1.884381 4.009589
-1.891227 3.924287
-1.897806 3.837430
-1.904124 3.749053
-1.910188 3.659188
-1.916002 3.567872
-1.921574 3.475141
-1.926909 3.381029
-1.932012 3.285575
-1.936890 3.188815
-1.941548 3.090788
-1.945992 2.991532
-1.950226 2.891086
-1.954255 2.789490
-1.958085 2.686784
-1.961721 2.583009
-1.965166 2.478205
-1.968426 2.372414
-1.971505 2.265678
-1.974406 2.158039
-1.977135 2.049541
-1.979694 1.940225
-1.982087 1.830135
-1.984318 1.719316
-1.986389 1.607811
-1.988305 1.495664
-1.990067 1.382921
-1.991678 1.269626
-1.993141 1.155824
-1.994458 1.041561
-1.995631 0.926882
-1.996661 0.811832
-1.997551 0.696459
-1.998302 0.580808
-1.998915 0.464925
-1.999390 0.348856
-1.999729 0.232648
-1.999932 0.116347
-2.000000 -0.000001
-1.999932 -0.116348
-1.999729 -0.232649
-1.999390 -0.348858
-1.998915 -0.464926
-1.998302 -0.580810
-1.997552 -0.696461
-1.996662 -0.811834
-1.995631 -0.926883
-1.994458 -1.041562
-1.993141 -1.155825
-1.991678 -1.269627
-1.990067 -1.382922
-1.988305 -1.495666
-1.986390 -1.607812
-1.984318 -1.719317
-1.982088 -1.830137
-1.979694 -1.940226
-1.977135 -2.049542
-1.974407 -2.158041
-1.971506 -2.265680
-1.968427 -2.372416
-1.965167 -2.478206
-1.961722 -2.583010
-1.958086 -2.686786
-1.954256 -2.789492
-1.950226 -2.891087
-1.945993 -2.991533
-1.941549 -3.090789
-1.936891 -3.188816
-1.932013 -3.285576
-1.926910 -3.381030
-1.921575 -3.475142
-1.916003 -3.567873
-1.910189 -3.659189
-1.904125 -3.749054
-1.897807 -3.837431
-1.891228 -3.924288
-1.884382 -4.009590
-1.877262 -4.093304
-1.869861 -4.175397
-1.862174 -4.255839
-1.854194 -4.334598
-1.845914 -4.411644
-1.837328 -4.486947
-1.828428 -4.560478
-1.819208 -4.632210
-1.809661 -4.702116
-1.799781 -4.770168
-1.789560 -4.836341
-1.778992 -4.900610
-1.768069 -4.962952
-1.756786 -5.023342
-1.745134 -5.081759
-1.733108 -5.138181
-1.720700 -5.192587
-1.707904 -5.244958
-1.694713 -5.295274
-1.681121 -5.343517
-1.667120 -5.389670
-1.652704 -5.433717
-1.637868 -5.475642
-1.622604 -5.515431
-1.606906 -5.553070
-1.590768 -5.588546
-1.574184 -5.621848
-1.557148 -5.652964
-1.539655 -5.681884
-1.521698 -5.708600
-1.503272 -5.733103
-1.484371 -5.755387
-1.464991 -5.775444
-1.445126 -5.793270
-1.424771 -5.808860
-1.403922 -5.822210
-1.382573 -5.833319
-1.360722 -5.842184
-1.338362 -5.848805
-1.315491 -5.853182
-1.292105 -5.855316
-1.268200 -5.855210
-1.243773 -5.852866
-1.218820 -5.848289
-1.193339 -5.841483
-1.167328 -5.832455
-1.140783 -5.821211
-1.113704 -5.807758
-1.086087 -5.792106
-1.057932 -5.774263
-1.029237 -5.754241
-1.000001 -5.732050
-0.970223 -5.707703
-0.939904 -5.681213
-0.909043 -5.652593
-0.877639 -5.621858
-0.845695 -5.589025
-0.813210 -5.554109
-0.780185 -5.517127
-0.746623 -5.478099
-0.712524 -5.437042
-0.677891 -5.393978
-0.642727 -5.348925
-0.607033 -5.301907
-0.570814 -5.252944
-0.534073 -5.202059
-0.496813 -5.149278
-0.459039 -5.094623
-0.420755 -5.038120
-0.381967 -4.979796
-0.342678 -4.919676
-0.302896 -4.857788
-0.262625 -4.794159
-0.221872 -4.728820
-0.180645 -4.661798
-0.138949 -4.593124
-0.096793 -4.522829
-0.054183 -4.450943
-0.011129 -4.377499
0.032361 -4.302528
0.076279 -4.226064
0.120614 -4.148141
0.165359 -4.068792
0.210502 -3.988052
0.256032 -3.905956
0.301941 -3.822540
0.348216 -3.737839
0.394846 -3.651890
0.441819 -3.564731
0.489123 -3.476398
0.536745 -3.386929
0.584674 -3.296363
0.632894 -3.204737
0.681394 -3.112091
0.730159 -3.018464
0.779175 -2.923896
0.828427 -2.828426
0.877901 -2.732095
0.927581 -2.634942
0.977451 -2.537009
1.027497 -2.438335
1.077701 -2.338964
1.128048 -2.238934
1.178520 -2.138289
1.229101 -2.037069
1.279773 -1.935317
1.330519 -1.833073
1.381320 -1.730380
1.432159 -1.627281
1.483017 -1.523816
1.533876 -1.420028
1.584717 -1.315959
1.635520 -1.211651
1.686266 -1.107147
1.736936 -1.002488
1.787509 -0.897716
1.837966 -0.792874
1.888287 -0.688003
1.938451 -0.583144
1.988438 -0.478340
2.038226 -0.373632
2.087795 -0.269062
2.137125 -0.164670
2.186193 -0.060497
2.234978 0.043416
2.283459 0.147028
2.331615 0.250300
2.379423 0.353190
2.426863 0.455661
2.473911 0.557671
2.520547 0.659182
2.566748 0.760155
2.612493 0.860552
2.657759 0.960335
2.702523 1.059466
2.746765 1.157908
2.790462 1.255624
2.833592 1.352577
2.876133 1.448732
2.918063 1.544052
2.959359 1.638504
3.000001 1.732051
3.039965 1.824661
3.079231 1.916299
3.117777 2.006932
3.155580 2.096529
3.192620 2.185056
3.228875 2.272482
3.264324 2.358777
3.298946 2.443910
3.332720 2.527851
3.365626 2.610572
3.397641 2.692044
3.428748 2.772238
3.458924 2.851129
3.488151 2.928689
3.516408 3.004892
3.543676 3.079713
3.569937 3.153128
3.595170 3.225112
3.619358 3.295642
3.642482 3.364697
3.664524 3.432253
3.685466 3.498291
3.705291 3.562789
3.723982 3.625728
3.741522 3.687089
3.757895 3.746854
3.773084 3.805006
3.787075 3.861527
3.799851 3.916402
3.811399 3.969615
3.821703 4.021153
3.830751 4.071001
3.838527 4.119147
3.845020 4.165579
3.850216 4.210284
3.854103 4.253254
3.856670 4.294477
3.857905 4.333945
3.857798 4.371649
3.856338 4.407582
3.853516 4.441738
3.849323 4.474110
3.843749 4.504693
3.836786 4.533484
3.828428 4.560477
3.818667 4.585672
3.807496 4.609064
3.794909 4.630654
3.780902 4.650440
3.765468 4.668424
3.748605 4.684605
3.730309 4.698986
3.710575 4.711569
3.689403 4.722357
3.666790 4.731355
3.642734 4.738567
3.617236 4.743998
3.590296 4.747656
3.561913 4.749546
3.532090 4.749676
3.500827 4.748055
3.468129 4.744692
3.433997 4.739596
3.398435 4.732778
3.361449 4.724248
3.323043 4.714019
3.283223 4.702104
3.241996 4.688514
3.199367 4.673264
3.155346 4.656368
3.109941 4.637841
3.063159 4.617698
3.015012 4.595957
2.965509 4.572632
2.914662 4.547743
2.862481 4.521306
2.808980 4.493340
2.754170 4.463864
2.698067 4.432898
2.640683 4.400462
2.582033 4.366576
2.522134 4.331261
2.461001 4.294539
2.398650 4.256433
2.335100 4.216964
2.270368 4.176155
2.204472 4.134030
2.137432 4.090613
2.069268 4.045928
2.000000 3.999999
1.929649 3.952852
1.858236 3.904512
1.785784 3.855004
1.712316 3.804355
1.637854 3.752592
1.562422 3.699740
1.486046 3.645828
1.408749 3.590881
1.330557 3.534929
1.251497 3.477998
1.171594 3.420117
1.090876 3.361315
1.009371 3.301619
0.927105 3.241058
0.844109 3.179662
0.760410 3.117459
0.676038 3.054479
0.591022 2.990752
0.505394 2.926306
0.419184 2.861171
0.332423 2.795378
0.245142 2.728955
0.157373 2.661933
0.069149 2.594342
-0.019498 2.526212
-0.108535 2.457573
-0.197929 2.388455
-0.287645 2.318887
-0.377651 2.248901
-0.467912 2.178526
-0.558393 2.107791
-0.649060 2.036728
-0.739877 1.965365
-0.830810 1.893732
-0.921823 1.821860
-1.012881 1.749778
-1.103947 1.677514
-1.194985 1.605099
-1.285960 1.532562
-1.376834 1.459931
-1.467572 1.387235
-1.558138 1.314503
-1.648493 1.241764
-1.738602 1.169046
-1.828428 1.096376
-1.917934 1.023782
-2.007083 0.951292
-2.095838 0.878934
-2.184162 0.806733
-2.272019 0.734718
-2.359372 0.662913
-2.446183 0.591346
-2.532416 0.520043
-2.618035 0.449028
-2.703003 0.378326
-2.787283 0.307964
-2.870840 0.237964
-2.953636 0.168352
-3.035637 0.099151
-3.116806 0.030384
-3.197109 -0.037925
-3.276508 -0.105755
-3.354970 -0.173082
-3.432460 -0.239885
-3.508943 -0.306143
-3.584384 -0.371835
-3.658750 -0.436940
-3.732007 -0.501438
-3.804122 -0.565310
-3.875061 -0.628536
-3.944793 -0.691097
-4.013284 -0.752976
-4.080504 -0.814154
-4.146419 -0.874614
-4.211001 -0.934339
-4.274217 -0.993313
-4.336039 -1.051520
-4.396435 -1.108944
-4.455378 -1.165571
-4.512839 -1.221386
-4.568789 -1.276375
-4.623200 -1.330524
-4.676047 -1.383821
-4.727302 -1.436253
-4.776939 -1.487809
-4.824934 -1.538476
-4.871262 -1.588244
-4.915897 -1.637102
-4.958818 -1.685041
-5.000001 -1.732050
-5.039424 -1.778122
-5.077066 -1.823247
-5.112905 -1.867418
-5.146922 -1.910628
-5.179097 -1.952869
-5.209412 -1.994135
-5.237848 -2.034420
-5.264388 -2.073719
-5.289016 -2.112027
-5.311715 -2.149339
-5.332472 -2.185652
-5.351271 -2.220963
-5.368099 -2.255267
-5.382944 -2.288564
-5.395793 -2.320850
-5.406636 -2.352125
-5.415461 -2.382388
-5.422261 -2.411637
-5.427025 -2.439874
-5.429747 -2.467097
-5.430419 -2.493309
-5.429034 -2.518510
-5.425589 -2.542703
-5.420078 -2.565889
-5.412497 -2.588070
-5.402844 -2.609251
-5.391118 -2.629434
-5.377316 -2.648624
-5.361439 -2.666824
-5.343487 -2.684039
-5.323463 -2.700275
-5.301368 -2.715536
-5.277206 -2.729830
-5.250981 -2.743161
-5.222698 -2.755536
-5.192363 -2.766963
-5.159984 -2.777449
-5.125566 -2.787000
-5.089120 -2.795626
-5.050655 -2.803335
-5.010180 -2.810135
-4.967707 -2.816034
-4.923249 -2.821043
-4.876818 -2.825170
-4.828427 -2.828426
-4.778092 -2.830820
-4.725828 -2.832363
-4.671650 -2.833065
-4.615578 -2.832937
-4.557627 -2.831991
-4.497818 -2.830236
-4.436169 -2.827686
-4.372701 -2.824351
-4.307436 -2.820243
-4.240395 -2.815375
-4.171602 -2.809759
-4.101079 -2.803406
-4.028852 -2.796331
-3.954945 -2.788544
-3.879385 -2.780060
-3.802197 -2.770891
-3.723411 -2.761051
-3.643052 -2.750552
-3.561152 -2.739407
-3.477738 -2.727632
-3.392841 -2.715238
-3.306493 -2.702239
-3.218724 -2.688649
-3.129567 -2.674482
-3.039055 -2.659751
-2.947222 -2.644471
-2.854101 -2.628654
-2.759728 -2.612316
-2.664137 -2.595469
-2.567364 -2.578127
-2.469447 -2.560305
-2.370421 -2.542015
-2.270325 -2.523273
-2.169197 -2.504091
-2.067075 -2.484483
-1.963998 -2.464463
-1.860006 -2.444044
-1.755138 -2.423241
-1.649436 -2.402065
-1.542939 -2.380532
-1.435689 -2.358653
-1.327728 -2.336442
-1.219098 -2.313913
-1.109841 -2.291077
-0.999999 -2.267949
-0.889615 -2.244539
-0.778734 -2.220862
-0.667397 -2.196929
-0.555650 -2.172753
-0.443535 -2.148346
-0.331098 -2.123719
-0.218382 -2.098885
-0.105433 -2.073855
0.007705 -2.048640
0.120988 -2.023252
0.234369 -1.997701
0.347804 -1.971999
0.461248 -1.946155
0.574656 -1.920182
0.687981 -1.894088
0.801179 -1.867883
0.914205 -1.841578
1.027012 -1.815182
1.139557 -1.788704
1.251792 -1.762154
1.363674 -1.735540
1.475157 -1.708871
1.586196 -1.682155
1.696747 -1.655400
1.806764 -1.628615
1.916203 -1.601807
2.025020 -1.574982
2.133171 -1.548150
2.240611 -1.521316
2.347298 -1.494486
2.453187 -1.467668
2.558236 -1.440868
2.662401 -1.414091
2.765641 -1.387343
2.867914 -1.360630
2.969176 -1.333955
3.069388 -1.307325
3.168508 -1.280744
3.266496 -1.254217
3.363311 -1.227746
3.458914 -1.201337
3.553266 -1.174992
3.646328 -1.148715
3.738061 -1.122509
3.828428 -1.096377
3.917393 -1.070321
4.004917 -1.044344
4.090966 -1.018448
4.175504 -0.992634
4.258496 -0.966905
4.339908 -0.941261
4.419706 -0.915704
4.497858 -0.890234
4.574330 -0.864852
4.649093 -0.839559
4.722113 -0.814355
4.793363 -0.789240
4.862811 -0.764214
4.930430 -0.739276
4.996191 -0.714426
5.060068 -0.689663
5.122033 -0.664985
5.182061 -0.640393
5.240127 -0.615884
5.296208 -0.591456
5.350279 -0.567109
5.402318 -0.542841
5.452305 -0.518648
5.500218 -0.494530
5.546036 -0.470484
5.589742 -0.446506
5.631318 -0.422596
5.670744 -0.398750
5.708007 -0.374964
5.743089 -0.351237
5.775977 -0.327565
5.806656 -0.303945
5.835114 -0.280373
5.861340 -0.256847
5.885321 -0.233362
5.907049 -0.209916
5.926514 -0.186504
5.943708 -0.163123
5.958624 -0.139769
5.971256 -0.116439
5.981598 -0.093128
5.989646 -0.069832
5.995398 -0.046549
5.998849 -0.023273
6.000000 -0.000001
5.998849 0.023270
5.995397 0.046546
5.989646 0.069829
5.981598 0.093125
5.971255 0.116436
5.958624 0.139766
5.943707 0.163120
5.926513 0.186501
5.907048 0.209913
5.885320 0.233359
5.861339 0.256844
5.835113 0.280371
5.806655 0.303942
5.775976 0.327562
5.743088 0.351234
5.708006 0.374962
5.670743 0.398747
5.631316 0.422593
5.589741 0.446504
5.546035 0.470481
5.500216 0.494527
5.452303 0.518646
5.402317 0.542838
5.350277 0.567107
5.296206 0.591454
5.240126 0.615881
5.182059 0.640390
5.122031 0.664983
5.060066 0.689660
4.996190 0.714424
4.930428 0.739274
4.862809 0.764212
4.793361 0.789238
4.722111 0.814353
4.649090 0.839557
4.574328 0.864850
4.497855 0.890232
4.419704 0.915702
4.339906 0.941259
4.258494 0.966903
4.175502 0.992633
4.090964 1.018446
4.004915 1.044343
3.917390 1.070320
3.828426 1.096376
3.738058 1.122508
3.646325 1.148714
3.553263 1.174991
3.458912 1.201335
3.363309 1.227745
3.266493 1.254216
3.168506 1.280743
3.069385 1.307325
2.969174 1.333954
2.867911 1.360629
2.765638 1.387342
2.662398 1.414090
2.558233 1.440867
2.453184 1.467668
2.347295 1.494486
2.240608 1.521315
2.133168 1.548149
2.025017 1.574982
1.916200 1.601806
1.806761 1.628615
1.696744 1.655400
1.586193 1.682155
1.475154 1.708871
1.363671 1.735540
1.251789 1.762154
1.139554 1.788705
1.027009 1.815182
0.914202 1.841579
0.801176 1.867884
0.687978 1.894088
0.574653 1.920182
0.461245 1.946156
0.347801 1.971999
0.234366 1.997702
0.120985 2.023252
0.007702 2.048641
-0.105436 2.073856
-0.218385 2.098886
-0.331101 2.123720
-0.443538 2.148347
-0.555652 2.172755
-0.667400 2.196931
-0.778736 2.220864
-0.889618 2.244541
-1.000001 2.267950
-1.109843 2.291079
-1.219101 2.313914
-1.327731 2.336444
-1.435692 2.358655
-1.542941 2.380533
-1.649438 2.402067
-1.755141 2.423242
-1.860008 2.444046
-1.964000 2.464465
-2.067077 2.484485
-2.169199 2.504093
-2.270328 2.523275
-2.370423 2.542017
-2.469449 2.560307
-2.567366 2.578129
-2.664139 2.595471
-2.759729 2.612318
-2.854103 2.628657
-2.947224 2.644473
-3.039057 2.659754
-3.129569 2.674485
-3.218726 2.688652
-3.306494 2.702241
-3.392843 2.715240
-3.477739 2.727634
-3.561153 2.739410
-3.643054 2.750554
-3.723412 2.761053
-3.802199 2.770894
-3.879386 2.780063
-3.954946 2.788547
-4.028853 2.796333
-4.101080 2.803409
-4.171602 2.809762
-4.240396 2.815378
-4.307437 2.820246
-4.372702 2.824354
-4.436169 2.827689
-4.497818 2.830239
-4.557627 2.831994
-4.615578 2.832940
-4.671651 2.833068
-4.725828 2.832366
-4.778092 2.830823
-4.828427 2.828429
-4.876818 2.825173
-4.923249 2.821046
-4.967707 2.816037
-5.010180 2.810138
-5.050654 2.803338
-5.089120 2.795629
-5.125566 2.787003
-5.159983 2.777452
-5.192363 2.766966
-5.222698 2.755539
-5.250980 2.743164
-5.277205 2.729832
-5.301367 2.715539
-5.323462 2.700278
-5.343486 2.684042
-5.361438 2.666826
-5.377315 2.648626
-5.391116 2.629437
-5.402843 2.609254
-5.412496 2.588073
-5.420076 2.565891
-5.425587 2.542705
-5.429033 2.518513
-5.430417 2.493312
-5.429745 2.467100
-5.427024 2.439876
-5.422259 2.411640
-5.415460 2.382390
-5.406634 2.352128
-5.395791 2.320853
-5.382942 2.288566
-5.368097 2.255269
-5.351269 2.220965
-5.332470 2.185654
-5.311713 2.149341
-5.289013 2.112029
-5.264385 2.073721
-5.237845 2.034422
-5.209409 1.994136
-5.179095 1.952870
-5.146919 1.910629
-5.112903 1.867420
-5.077063 1.823249
-5.039422 1.778123
-4.999998 1.732052
-4.958815 1.685042
-4.915895 1.637103
-4.871259 1.588245
-4.824932 1.538477
-4.776937 1.487810
-4.727299 1.436255
-4.676044 1.383822
-4.623197 1.330525
-4.568786 1.276376
-4.512836 1.221387
-4.455375 1.165572
-4.396432 1.108945
-4.336036 1.051521
-4.274214 0.993314
-4.210998 0.934340
-4.146416 0.874614
-4.080501 0.814154
-4.013281 0.752976
-3.944790 0.691097
-3.875058 0.628536
-3.804119 0.565310
-3.732004 0.501438
-3.658747 0.436940
-3.584381 0.371835
-3.508940 0.306143
-3.432457 0.239885
-3.354967 0.173082
-3.276505 0.105754
-3.197106 0.037925
-3.116803 -0.030385
-3.035634 -0.099152
-2.953633 -0.168353
-2.870837 -0.237965
-2.787280 -0.307965
-2.703000 -0.378327
-2.618032 -0.449029
-2.532414 -0.520044
-2.446180 -0.591348
-2.359369 -0.662915
-2.272017 -0.734719
-2.184160 -0.806735
-2.095835 -0.878935
-2.007080 -0.951294
-1.917931 -1.023784
-1.828426 -1.096377
-1.738600 -1.169047
-1.648491 -1.241766
-1.558135 -1.314505
-1.467570 -1.387237
-1.376832 -1.459932
-1.285957 -1.532563
-1.194983 -1.605101
-1.103944 -1.677516
-1.012878 -1.749780
-0.921821 -1.821862
-0.830808 -1.893734
-0.739875 -1.965367
-0.649058 -2.036730
-0.558391 -2.107793
-0.467910 -2.178528
-0.377649 -2.248903
-0.287644 -2.318890
-0.197927 -2.388457
-0.108533 -2.457575
-0.019496 -2.526215
0.069151 -2.594345
0.157375 -2.661936
0.245143 -2.728958
0.332424 -2.795380
0.419186 -2.861174
0.505396 -2.926308
0.591024 -2.990754
0.676039 -3.054482
0.760411 -3.117462
0.844110 -3.179665
0.927106 -3.241061
1.009372 -3.301621
1.090877 -3.361317
1.171595 -3.420120
1.251497 -3.478001
1.330558 -3.534932
1.408749 -3.590884
1.486046 -3.645831
1.562423 -3.699743
1.637854 -3.752595
1.712316 -3.804358
1.785784 -3.855007
1.858236 -3.904515
1.929649 -3.952855
2.000000 -4.000002
2.069268 -4.045931
2.137432 -4.090616
2.204472 -4.134033
2.270367 -4.176158
2.335099 -4.216966
2.398650 -4.256436
2.461000 -4.294542
2.522133 -4.331264
2.582033 -4.366579
2.640682 -4.400465
2.698066 -4.432901
2.754170 -4.463867
2.808979 -4.493343
2.862480 -4.521308
2.914661 -4.547745
2.965508 -4.572635
3.015011 -4.595959
3.063158 -4.617701
3.109939 -4.637844
3.155345 -4.656371
3.199366 -4.673267
3.241994 -4.688517
3.283222 -4.702106
3.323042 -4.714022
3.361448 -4.724251
3.398434 -4.732780
3.433995 -4.739598
3.468127 -4.744694
3.500825 -4.748057
3.532088 -4.749678
3.561911 -4.749548
3.590294 -4.747658
3.617234 -4.744000
3.642732 -4.738569
3.666788 -4.731357
3.689401 -4.722359
3.710573 -4.711570
3.730306 -4.698987
3.748603 -4.684607
3.765466 -4.668425
3.780899 -4.650442
3.794907 -4.630656
3.807493 -4.609066
3.818664 -4.585673
3.828425 -4.560479
3.836784 -4.533485
3.843746 -4.504695
3.849320 -4.474111
3.853513 -4.441739
3.856336 -4.407583
3.857795 -4.371650
3.857902 -4.333946
3.856667 -4.294478
3.854100 -4.253255
3.850213 -4.210285
3.845017 -4.165580
3.838524 -4.119148
3.830748 -4.071002
3.821701 -4.021154
3.811396 -3.969616
3.799848 -3.916402
3.787072 -3.861527
3.773081 -3.805006
3.757892 -3.746855
3.741519 -3.687089
3.723979 -3.625728
3.705288 -3.562789
3.685463 -3.498291
3.664521 -3.432253
3.642479 -3.364697
3.619355 -3.295642
3.595167 -3.225112
3.569934 -3.153127
3.543673 -3.079713
3.516405 -3.004891
3.488148 -2.928688
3.458921 -2.851128
3.428745 -2.772238
3.397638 -2.692043
3.365623 -2.610571
3.332717 -2.527850
3.298944 -2.443909
3.264322 -2.358776
3.228873 -2.272481
3.192617 -2.185054
3.155577 -2.096527
3.117774 -2.006931
3.079229 -1.916298
3.039963 -1.824659
2.999998 -1.732050
2.959357 -1.638502
2.918060 -1.544051
2.876131 -1.448730
2.833590 -1.352575
2.790460 -1.255622
2.746763 -1.157906
2.702521 -1.059465
2.657756 -0.960333
2.612491 -0.860550
2.566746 -0.760153
2.520545 -0.659180
2.473909 -0.557669
2.426861 -0.455658
2.379422 -0.353188
2.331613 -0.250297
2.283457 -0.147026
2.234976 -0.043414
2.186191 0.060499
2.137123 0.164672
2.087794 0.269064
2.038224 0.373635
1.988436 0.478343
1.938450 0.583147
1.888286 0.688005
1.837965 0.792877
1.787508 0.897719
1.736934 1.002491
1.686265 1.107150
1.635519 1.211654
1.584716 1.315962
1.533875 1.420030
1.483017 1.523818
1.432158 1.627283
1.381319 1.730383
1.330518 1.833076
1.279772 1.935320
1.229100 2.037072
1.178520 2.138292
1.128047 2.238937
1.077701 2.338967
1.027497 2.438338
0.977451 2.537012
0.927580 2.634945
0.877901 2.732098
0.828427 2.828429
0.779175 2.923899
0.730159 3.018467
0.681394 3.112094
0.632895 3.204740
0.584674 3.296366
0.536746 3.386932
0.489123 3.476401
0.441819 3.564734
0.394846 3.651893
0.348216 3.737842
0.301942 3.822543
0.256033 3.905959
0.210502 3.988055
0.165360 4.068795
0.120615 4.148144
0.076280 4.226067
0.032362 4.302531
-0.011128 4.377501
-0.054182 4.450946
-0.096791 4.522831
-0.138948 4.593127
-0.180643 4.661801
-0.221871 4.728822
-0.262623 4.794162
-0.302894 4.857790
-0.342676 4.919678
-0.381965 4.979798
-0.420754 5.038123
-0.459037 5.094625
-0.496811 5.149280
-0.534071 5.202062
-0.570812 5.252946
-0.607031 5.301909
-0.642725 5.348927
-0.677889 5.393980
-0.712522 5.437044
-0.746620 5.478101
-0.780183 5.517129
-0.813207 5.554110
-0.845693 5.589026
-0.877637 5.621860
-0.909040 5.652594
-0.939902 5.681214
-0.970221 5.707705
-0.999998 5.732052
-1.029234 5.754243
-1.057929 5.774265
-1.086084 5.792107
-1.113701 5.807759
-1.140781 5.821212
-1.167325 5.832456
-1.193337 5.841484
-1.218817 5.848290
-1.243770 5.852867
-1.268197 5.855211
-1.292102 5.855317
-1.315488 5.853182
-1.338359 5.848805
-1.360719 5.842184
-1.382570 5.833319
-1.403919 5.822211
-1.424768 5.808860
-1.445123 5.793270
-1.464988 5.775444
-1.484368 5.755387
-1.503269 5.733103
-1.521695 5.708600
-1.539652 5.681884
-1.557145 5.652963
-1.574181 5.621847
-1.590765 5.588546
-1.606903 5.553070
-1.622601 5.515431
-1.637865 5.475642
-1.652702 5.433717
-1.667117 5.389670
-1.681118 5.343516
-1.694710 5.295273
-1.707901 5.244957
-1.720697 5.192587
-1.733105 5.138180
-1.745131 5.081758
-1.756783 5.023341
-1.768066 4.962951
-1.778989 4.900609
-1.789557 4.836340
-1.799778 4.770166
-1.809659 4.702114
-1.819205 4.632209
-1.828425 4.560477
-1.837325 4.486945
-1.845912 4.411642
-1.854192 4.334596
-1.862172 4.255837
-1.869859 4.175396
-1.877259 4.093302
-1.884379 4.009588
-1.891226 3.924286
-1.897805 3.837429
-1.904123 3.749052
-1.910187 3.659187
-1.916001 3.567871
-1.921573 3.475139
-1.926908 3.381028
-1.932011 3.285574
-1.936889 3.188814
-1.941547 3.090787
-1.945991 2.991531
-1.950225 2.891085
-1.954254 2.789489
-1.958084 2.686783
-1.961720 2.583008
-1.965166 2.478204
-1.968425 2.372413
-1.971504 2.265677
-1.974406 2.158038
-1.977134 2.049539
-1.979693 1.940223
-1.982086 1.830134
-1.984317 1.719314
-1.986389 1.607809
-1.988304 1.495663
-1.990066 1.382919
-1.991678 1.269624
-1.993141 1.155822
-1.994458 1.041559
-1.995631 0.926880
-1.996661 0.811831
-1.997551 0.696458
-1.998302 0.580807
-1.998914 0.464923
-1.999390 0.348855
-1.999729 0.232646
-1.999932 0.116345
-2.000000 -0.000002
-1.999932 -0.116350
-1.999729 -0.232651
-1.999390 -0.348859
-1.998915 -0.464928
-1.998302 -0.580811
-1.997552 -0.696462
-1.996662 -0.811835
-1.995631 -0.926884
-1.994459 -1.041563
-1.993142 -1.155827
-1.991679 -1.269629
-1.990068 -1.382924
-1.988306 -1.495667
-1.986390 -1.607813
-1.984319 -1.719319
-1.982088 -1.830138
-1.979695 -1.940227
-1.977136 -2.049543
-1.974408 -2.158042
-1.971506 -2.265681
-1.968428 -2.372417
-1.965168 -2.478208
-1.961722 -2.583012
-1.958087 -2.686787
-1.954257 -2.789493
-1.950227 -2.891089
-1.945993 -2.991534
-1.941550 -3.090790
-1.936892 -3.188817
-1.932014 -3.285577
-1.926911 -3.381031
-1.921576 -3.475143
-1.916004 -3.567875
-1.910190 -3.659190
-1.904127 -3.749055
-1.897808 -3.837432
-1.891229 -3.924289
-1.884383 -4.009591
-1.877263 -4.093304
-1.869862 -4.175398
-1.862176 -4.255840
-1.854195 -4.334599
-1.845915 -4.411645
-1.837329 -4.486948
-1.828429 -4.560479
-1.819209 -4.632211
-1.809663 -4.702116
-1.799782 -4.770168
-1.789561 -4.836342
-1.778993 -4.900611
-1.768071 -4.962952
-1.756787 -5.023343
-1.745135 -5.081760
-1.733109 -5.138182
-1.720702 -5.192588
-1.707906 -5.244958
-1.694715 -5.295274
-1.681122 -5.343517
-1.667121 -5.389671
-1.652706 -5.433718
-1.637869 -5.475643
-1.622605 -5.515431
-1.606907 -5.553070
-1.590770 -5.588546
-1.574186 -5.621848
-1.557150 -5.652964
-1.539656 -5.681884
-1.521699 -5.708600
-1.503273 -5.733103
-1.484373 -5.755387
-1.464992 -5.775444
-1.445127 -5.793270
-1.424772 -5.808859
-1.403923 -5.822210
-1.382575 -5.833318
-1.360723 -5.842183
-1.338364 -5.848804
-1.315493 -5.853181
-1.292107 -5.855316
-1.268201 -5.855209
-1.243774 -5.852866
-1.218821 -5.848289
-1.193341 -5.841483
-1.167329 -5.832454
-1.140785 -5.821210
-1.113705 -5.807757
-1.086088 -5.792105
-1.057933 -5.774263
-1.029238 -5.754240
-1.000002 -5.732050
-0.970225 -5.707702
-0.939905 -5.681212
-0.909044 -5.652592
-0.877641 -5.621857
-0.845696 -5.589024
-0.813211 -5.554108
-0.780186 -5.517126
-0.746624 -5.478098
-0.712525 -5.437041
-0.677892 -5.393977
-0.642728 -5.348924
-0.607034 -5.301905
-0.570815 -5.252943
-0.534074 -5.202058
-0.496814 -5.149277
-0.459040 -5.094622
-0.420756 -5.038119
-0.381967 -4.979795
-0.342679 -4.919675
-0.302896 -4.857786
-0.262626 -4.794158
-0.221873 -4.728819
-0.180645 -4.661797
-0.138950 -4.593123
-0.096793 -4.522827
-0.054184 -4.450942
-0.011130 -4.377497
0.032360 -4.302527
0.076278 -4.226063
0.120614 -4.148140
0.165358 -4.068791
0.210501 -3.988051
0.256032 -3.905955
0.301941 -3.822538
0.348215 -3.737838
0.394845 -3.651889
0.441818 -3.564730
0.489122 -3.476396
0.536745 -3.386928
0.584673 -3.296361
0.632894 -3.204736
0.681394 -3.112090
0.730159 -3.018463
0.779175 -2.923895
0.828427 -2.828425
0.877901 -2.732093
0.927581 -2.634940
0.977451 -2.537007
1.027497 -2.438334
1.077701 -2.338962
1.128048 -2.238933
1.178520 -2.138288
1.229101 -2.037068
1.279773 -1.935315
1.330519 -1.833072
1.381320 -1.730379
1.432160 -1.627279
1.483018 -1.523814
1.533877 -1.420026
1.584717 -1.315957
1.635520 -1.211650
1.686266 -1.107145
1.736936 -1.002486
1.787510 -0.897715
1.837967 -0.792872
1.888288 -0.688001
1.938452 -0.583143
1.988438 -0.478339
2.038227 -0.373631
2.087796 -0.269061
2.137126 -0.164668
2.186194 -0.060495
2.234979 0.043417
2.283460 0.147030
2.331616 0.250301
2.379424 0.353192
2.426864 0.455662
2.473913 0.557672
2.520548 0.659183
2.566750 0.760156
2.612494 0.860553
2.657760 0.960336
2.702525 1.059467
2.746767 1.157909
2.790464 1.255625
2.833594 1.352578
2.876134 1.448733
2.918064 1.544053
2.959361 1.638505
3.000002 1.732052
3.039967 1.824662
3.079233 1.916300
3.117778 2.006933
3.155582 2.096529
3.192622 2.185056
3.228877 2.272483
3.264326 2.358777
3.298948 2.443910
3.332722 2.527852
3.365627 2.610572
3.397643 2.692044
3.428749 2.772239
3.458925 2.851129
3.488152 2.928689
3.516409 3.004892
3.543678 3.079713
3.569938 3.153128
3.595172 3.225112
3.619359 3.295643
3.642483 3.364697
3.664525 3.432254
3.685467 3.498291
3.705292 3.562789
3.723983 3.625728
3.741523 3.687089
3.757896 3.746854
3.773086 3.805006
3.787076 3.861527
3.799853 3.916402
3.811400 3.969615
3.821705 4.021153
3.830752 4.071001
3.838529 4.119147
3.845021 4.165578
3.850217 4.210284
3.854104 4.253253
3.856671 4.294476
3.857907 4.333944
3.857799 4.371648
3.856340 4.407582
3.853518 4.441737
3.849324 4.474109
3.843750 4.504693
3.836788 4.533483
3.828429 4.560477
3.818668 4.585671
3.807497 4.609063
3.794910 4.630653
3.780903 4.650439
3.765470 4.668423
3.748607 4.684604
3.730310 4.698985
3.710576 4.711568
3.689404 4.722356
3.666791 4.731354
3.642736 4.738566
3.617238 4.743997
3.590297 4.747654
3.561914 4.749545
3.532091 4.749675
3.500828 4.748054
3.468129 4.744690
3.433998 4.739595
3.398436 4.732776
3.361450 4.724247
3.323044 4.714018
3.283224 4.702102
3.241996 4.688513
3.199368 4.673263
3.155347 4.656367
3.109941 4.637839
3.063160 4.617697
3.015013 4.595955
2.965510 4.572631
2.914662 4.547741
2.862482 4.521304
2.808980 4.493338
2.754171 4.463863
2.698067 4.432897
2.640683 4.400460
2.582034 4.366574
2.522134 4.331260
2.461001 4.294538
2.398650 4.256431
2.335100 4.216962
2.270368 4.176153
2.204472 4.134028
2.137432 4.090611
2.069268 4.045926
2.000000 3.999997
1.929649 3.952850
1.858236 3.904510
1.785784 3.855003
1.712315 3.804354
1.637853 3.752590
1.562422 3.699739
1.486045 3.645826
1.408748 3.590880
1.330557 3.534927
1.251496 3.477997
1.171594 3.420116
1.090876 3.361313
1.009370 3.301617
0.927105 3.241057
0.844108 3.179661
0.760409 3.117458
0.676037 3.054478
0.591022 2.990750
0.505394 2.926304
0.419184 2.861170
0.332422 2.795376
0.245141 2.728954
0.157372 2.661932
0.069148 2.594341
-0.019499 2.526211
-0.108536 2.457572
-0.197930 2.388453
-0.287646 2.318886
-0.377652 2.248900
-0.467913 2.178524
-0.558394 2.107790
-0.649061 2.036726
-0.739878 1.965364
-0.830811 1.893731
-0.921824 1.821859
-1.012882 1.749777
-1.103948 1.677513
-1.194986 1.605098
-1.285961 1.532561
-1.376835 1.459930
-1.467574 1.387234
-1.558139 1.314503
-1.648494 1.241763
-1.738604 1.169045
-1.828429 1.096375
-1.917935 1.023781
-2.007084 0.951292
-2.095839 0.878933
-2.184164 0.806733
-2.272021 0.734717
-2.359373 0.662913
-2.446184 0.591346
-2.532418 0.520042
-2.618037 0.449027
-2.703004 0.378326
-2.787285 0.307963
-2.870841 0.237964
-2.953638 0.168352
-3.035639 0.099151
-3.116808 0.030384
-3.197110 -0.037925
-3.276510 -0.105755
-3.354972 -0.173082
-3.432462 -0.239885
-3.508944 -0.306143
-3.584386 -0.371835
-3.658752 -0.436940
-3.732009 -0.501438
-3.804123 -0.565310
-3.875063 -0.628536
-3.944794 -0.691097
-4.013286 -0.752976
-4.080505 -0.814154
-4.146421 -0.874614
-4.211002 -0.934339
-4.274219 -0.993313
-4.336040 -1.051520
-4.396437 -1.108944
-4.455380 -1.165571
-4.512840 -1.221386
-4.568790 -1.276374
-4.623202 -1.330524
-4.676048 -1.383821
-4.727303 -1.436253
-4.776941 -1.487808
-4.824936 -1.538475
-4.871263 -1.588243
-4.915899 -1.637101
-4.958819 -1.685040
-5.000002 -1.732049
-5.039425 -1.778121
-5.077067 -1.823246
-5.112906 -1.867417
-5.146923 -1.910627
-5.179098 -1.952868
-5.209413 -1.994134
-5.237849 -2.034419
-5.264389 -2.073718
-5.289017 -2.112026
-5.311716 -2.149338
-5.332473 -2.185651
-5.351272 -2.220962
-5.368100 -2.255266
-5.382945 -2.288563
-5.395794 -2.320849
-5.406637 -2.352124
-5.415462 -2.382387
-5.422262 -2.411636
-5.427026 -2.439873
-5.429748 -2.467096
-5.430419 -2.493308
-5.429035 -2.518509
-5.425590 -2.542702
-5.420078 -2.565887
-5.412498 -2.588069
-5.402845 -2.609250
-5.391118 -2.629433
-5.377316 -2.648622
-5.361439 -2.666822
-5.343488 -2.684038
-5.323463 -2.700273
-5.301368 -2.715535
-5.277206 -2.729828
-5.250981 -2.743159
-5.222699 -2.755535
-5.192364 -2.766962
-5.159984 -2.777447
-5.125567 -2.786999
-5.089120 -2.795625
-5.050655 -2.803333
-5.010180 -2.810133
-4.967708 -2.816033
-4.923249 -2.821041
-4.876818 -2.825169
-4.828427 -2.828424
-4.778092 -2.830818
-4.725828 -2.832361
-4.671650 -2.833064
-4.615577 -2.832936
-4.557627 -2.831989
-4.497817 -2.830235
-4.436169 -2.827684
-4.372701 -2.824349
-4.307436 -2.820242
-4.240395 -2.815374
-4.171601 -2.809757
-4.101079 -2.803405
-4.028851 -2.796329
-3.954945 -2.788543
-3.879384 -2.780059
-3.802197 -2.770890
-3.723410 -2.761049
-3.643052 -2.750550
-3.561151 -2.739406
-3.477737 -2.727630
-3.392840 -2.715236
-3.306492 -2.702238
-3.218723 -2.688648
-3.129566 -2.674481
-3.039055 -2.659750
-2.947221 -2.644470
-2.854100 -2.628653
-2.759727 -2.612315
-2.664136 -2.595468
-2.567363 -2.578126
-2.469446 -2.560304
-2.370420 -2.542014
-2.270324 -2.523272
-2.169196 -2.504090
-2.067074 -2.484482
-1.963997 -2.464462
-1.860005 -2.444043
-1.755137 -2.423240
-1.649435 -2.402064
-1.542938 -2.380531
-1.435688 -2.358652
-1.327727 -2.336441
-1.219097 -2.313912
-1.109839 -2.291076
-0.999998 -2.267948
-0.889614 -2.244539
-0.778732 -2.220861
-0.667396 -2.196929
-0.555648 -2.172753
-0.443534 -2.148345
-0.331097 -2.123719
-0.218381 -2.098885
-0.105432 -2.073854
0.007707 -2.048639
0.120989 -2.023251
0.234370 -1.997700
0.347806 -1.971998
0.461250 -1.946155
0.574657 -1.920181
0.687983 -1.894087
0.801181 -1.867883
0.914206 -1.841578
1.027014 -1.815182
1.139558 -1.788704
1.251794 -1.762154
1.363676 -1.735540
1.475159 -1.708871
1.586198 -1.682155
1.696748 -1.655400
1.806766 -1.628615
1.916205 -1.601807
2.025022 -1.574983
2.133172 -1.548150
2.240613 -1.521316
2.347299 -1.494487
2.453188 -1.467669
2.558237 -1.440868
2.662403 -1.414092
2.765643 -1.387344
2.867915 -1.360630
2.969178 -1.333956
3.069390 -1.307326
3.168510 -1.280745
3.266497 -1.254217
3.363313 -1.227747
3.458916 -1.201337
3.553267 -1.174992
3.646329 -1.148716
3.738062 -1.122510
3.828430 -1.096378
3.917394 -1.070322
4.004919 -1.044345
4.090968 -1.018449
4.175505 -0.992635
4.258497 -0.966906
4.339909 -0.941262
4.419707 -0.915705
4.497859 -0.890235
4.574331 -0.864853
4.649094 -0.839560
4.722115 -0.814357
4.793364 -0.789242
4.862812 -0.764215
4.930431 -0.739277
4.996192 -0.714427
5.060069 -0.689664
5.122034 -0.664986
5.182062 -0.640394
5.240128 -0.615885
5.296208 -0.591458
5.350280 -0.567111
5.402319 -0.542842
5.452306 -0.518650
5.500218 -0.494531
5.546037 -0.470485
5.589743 -0.446508
5.631318 -0.422597
5.670745 -0.398751
5.708007 -0.374966
5.743090 -0.351239
5.775977 -0.327567
5.806656 -0.303946
5.835115 -0.280375
5.861340 -0.256849
5.885321 -0.233364
5.907049 -0.209917
5.926514 -0.186505
5.943708 -0.163124
5.958624 -0.139771
5.971256 -0.116440
5.981598 -0.093129
5.989646 -0.069834
5.995398 -0.046550
5.998849 -0.023275
6.000000 -0.000003
5.998849 0.023269
5.995397 0.046544
5.989646 0.069828
5.981598 0.093123
5.971255 0.116434
5.958623 0.139765
5.943707 0.163119
5.926513 0.186500
5.907048 0.209912
5.885320 0.233358
5.861338 0.256843
5.835113 0.280369
5.806655 0.303941
5.775975 0.327561
5.743088 0.351233
5.708005 0.374960
5.670743 0.398746
5.631316 0.422592
5.589741 0.446502
5.546034 0.470480
5.500215 0.494526
5.452303 0.518644
5.402316 0.542837
5.350276 0.567105
5.296205 0.591453
5.240125 0.615880
5.182058 0.640389
5.122030 0.664982
5.060065 0.689659
4.996189 0.714422
4.930427 0.739273
4.862808 0.764211
4.793360 0.789237
4.722110 0.814352
4.649089 0.839556
4.574327 0.864849
4.497854 0.890231
4.419703 0.915701
4.339904 0.941258
4.258493 0.966902
4.175501 0.992632
4.090963 1.018446
4.004914 1.044342
3.917389 1.070319
3.828424 1.096375
3.738057 1.122507
3.646324 1.148713
3.553262 1.174990
3.458910 1.201335
3.363307 1.227744
3.266492 1.254215
3.168504 1.280743
3.069384 1.307324
2.969172 1.333954
2.867909 1.360628
2.765637 1.387342
2.662397 1.414090
2.558231 1.440867
2.453183 1.467668
2.347293 1.494486
2.240607 1.521315
2.133166 1.548149
2.025016 1.574982
1.916199 1.601806
1.806760 1.628615
1.696742 1.655400
1.586192 1.682155
1.475153 1.708871
1.363670 1.735540
1.251788 1.762154
1.139552 1.788705
1.027008 1.815183
0.914200 1.841579
0.801175 1.867884
0.687977 1.894088
0.574651 1.920183
0.461244 1.946156
0.347800 1.972000
0.234365 1.997702
0.120983 2.023253
0.007701 2.048641
-0.105437 2.073856
-0.218387 2.098887
-0.331102 2.123721
-0.443539 2.148348
-0.555654 2.172755
-0.667401 2.196931
-0.778738 2.220864
-0.889619 2.244541
-1.000003 2.267951
-1.109845 2.291080
-1.219102 2.313915
-1.327732 2.336445
-1.435693 2.358655
-1.542943 2.380534
-1.649439 2.402068
-1.755142 2.423243
-1.860009 2.444047
-1.964001 2.464466
-2.067078 2.484486
-2.169200 2.504094
-2.270329 2.523276
-2.370424 2.542019
-2.469450 2.560308
-2.567367 2.578130
-2.664139 2.595472
-2.759730 2.612319
-2.854104 2.628658
-2.947225 2.644475
-3.039058 2.659755
-3.129570 2.674486
-3.218726 2.688653
-3.306495 2.702243
-3.392843 2.715241
-3.477740 2.727636
-3.561153 2.739412
-3.643054 2.750556
-3.723412 2.761055
-3.802199 2.770895
-3.879386 2.780064
-3.954947 2.788548
-4.028853 2.796335
-4.101080 2.803411
-4.171603 2.809763
-4.240396 2.815380
-4.307437 2.820248
-4.372702 2.824355
-4.436169 2.827690
-4.497818 2.830241
-4.557628 2.831995
-4.615578 2.832942
-4.671651 2.833070
-4.725828 2.832367
-4.778092 2.830824
-4.828427 2.828430
-4.876818 2.825175
-4.923249 2.821047
-4.967707 2.816039
-5.010180 2.810139
-5.050654 2.803339
-5.089120 2.795631
-5.125566 2.787005
-5.159983 2.777453
-5.192363 2.766968
-5.222697 2.755541
-5.250980 2.743165
-5.277205 2.729834
-5.301367 2.715541
-5.323461 2.700279
-5.343486 2.684043
-5.361437 2.666828
-5.377314 2.648628
-5.391116 2.629438
-5.402842 2.609255
-5.412495 2.588074
-5.420076 2.565893
-5.425587 2.542707
-5.429032 2.518514
-5.430416 2.493313
-5.429744 2.467101
-5.427023 2.439878
-5.422258 2.411641
-5.415459 2.382392
-5.406633 2.352129
-5.395790 2.320854
-5.382941 2.288567
-5.368096 2.255271
-5.351268 2.220966
-5.332469 2.185655
-5.311712 2.149342
-5.289012 2.112030
-5.264384 2.073722
-5.237844 2.034423
-5.209408 1.994137
-5.179093 1.952871
-5.146918 1.910630
-5.112901 1.867421
-5.077062 1.823250
-5.039420 1.778124
-4.999997 1.732052
-4.958814 1.685043
-4.915893 1.637104
-4.871258 1.588246
-4.824930 1.538478
-4.776935 1.487811
-4.727298 1.436255
-4.676043 1.383823
-4.623196 1.330526
-4.568784 1.276376
-4.512834 1.221387
-4.455374 1.165572
-4.396431 1.108945
-4.336034 1.051521
-4.274213 0.993314
-4.210996 0.934340
-4.146415 0.874615
-4.080499 0.814154
-4.013280 0.752976
-3.944788 0.691097
-3.875057 0.628536
-3.804117 0.565310
-3.732003 0.501438
-3.658746 0.436940
-3.584380 0.371835
-3.508938 0.306143
-3.432456 0.239885
-3.354966 0.173081
-3.276504 0.105754
-3.197104 0.037924
-3.116802 -0.030385
-3.035633 -0.099152
-2.953632 -0.168353
-2.870835 -0.237965
-2.787279 -0.307965
-2.702999 -0.378328
-2.618031 -0.449029
-2.532412 -0.520044
-2.446179 -0.591348
-2.359368 -0.662915
-2.272015 -0.734720
-2.184158 -0.806735
-2.095834 -0.878936
-2.007079 -0.951294
-1.917930 -1.023784
-1.828424 -1.096378
-1.738598 -1.169048
-1.648489 -1.241767
-1.558134 -1.314506
-1.467569 -1.387238
-1.376831 -1.459933
-1.285956 -1.532564
-1.194981 -1.605102
-1.103943 -1.677517
-1.012877 -1.749781
-0.921820 -1.821863
-0.830807 -1.893735
-0.739874 -1.965368
-0.649057 -2.036731
-0.558390 -2.107794
-0.467909 -2.178529
-0.377648 -2.248904
-0.287643 -2.318891
-0.197926 -2.388458
-0.108532 -2.457577
-0.019496 -2.526216
0.069151 -2.594346
0.157375 -2.661937
0.245144 -2.728959
0.332425 -2.795382
0.419186 -2.861175
0.505396 -2.926310
0.591024 -2.990756
0.676039 -3.054484
0.760411 -3.117463
0.844110 -3.179666
0.927107 -3.241062
1.009372 -3.301623
1.090878 -3.361319
1.171595 -3.420122
1.251498 -3.478003
1.330558 -3.534933
1.408750 -3.590886
1.486046 -3.645832
1.562423 -3.699745
1.637854 -3.752596
1.712316 -3.804360
1.785785 -3.855009
1.858236 -3.904516
1.929649 -3.952856
2.000000 -4.000003
2.069268 -4.045932
2.137432 -4.090617
2.204472 -4.134034
2.270367 -4.176159
2.335099 -4.216968
2.398650 -4.256437
2.461000 -4.294544
2.522133 -4.331265
2.582032 -4.366580
2.640682 -4.400466
2.698066 -4.432902
2.754169 -4.463868
2.808978 -4.493344
2.862480 -4.521310
2.914660 -4.547747
2.965508 -4.572636
3.015010 -4.595961
3.063158 -4.617702
3.109939 -4.637845
3.155344 -4.656372
3.199365 -4.673268
3.241994 -4.688518
3.283221 -4.702108
3.323041 -4.714023
3.361447 -4.724252
3.398433 -4.732781
3.433994 -4.739599
3.468126 -4.744695
3.500824 -4.748059
3.532087 -4.749679
3.561910 -4.749549
3.590293 -4.747659
3.617233 -4.744001
3.642731 -4.738570
3.666787 -4.731358
3.689400 -4.722360
3.710572 -4.711571
3.730305 -4.698988
3.748602 -4.684607
3.765465 -4.668426
3.780898 -4.650443
3.794905 -4.630656
3.807492 -4.609067
3.818663 -4.585674
3.828424 -4.560480
3.836782 -4.533486
3.843745 -4.504696
3.849319 -4.474112
3.853512 -4.441740
3.856334 -4.407584
3.857794 -4.371651
3.857901 -4.333946
3.856666 -4.294478
3.854099 -4.253255
3.850211 -4.210286
3.845015 -4.165580
3.838523 -4.119148
3.830746 -4.071002
3.821699 -4.021154
3.811395 -3.969616
3.799847 -3.916402
3.787070 -3.861527
3.773080 -3.805006
3.757890 -3.746855
3.741517 -3.687090
3.723977 -3.625728
3.705286 -3.562789
3.685461 -3.498291
3.664519 -3.432253
3.642477 -3.364697
3.619353 -3.295642
3.595166 -3.225111
3.569932 -3.153127
3.543672 -3.079712
3.516404 -3.004891
3.488146 -2.928688
3.458920 -2.851128
3.428743 -2.772237
3.397637 -2.692043
3.365621 -2.610571
3.332716 -2.527850
3.298942 -2.443908
3.264320 -2.358775
3.228871 -2.272480
3.192616 -2.185054
3.155576 -2.096527
3.117773 -2.006930
3.079227 -1.916297
3.039961 -1.824659
2.999997 -1.732049
